num_layers >>> 5

hidden_dim >>> 128

heads >>> 8

instance_size >>> 100

problem >>> OP

dataset_size >>> 25000

batch_size >>> 50

epochs >>> 400

num_datasets >>> 40

task >>> RL

lr >>> 0.0001

scale_weights >>> True

data_distribution >>> MIX

final_node_layer >>> False

nodeless >>> True

augmentation_factor >>> 8

matnet >>> False

device >>> cuda

timestamp >>> 20250425_051547_3927160

criterion >>> None

asymmetric >>> True


Validation loss:[21552.501953125, 21949.068359375, 22581.146484375, 23217.7265625, 24003.5703125, 23856.228515625, 23676.216796875, 24857.4921875, 24409.04296875, 24742.021484375, 24830.005859375, 24070.810546875, 24687.986328125, 24500.529296875, 24838.048828125, 24588.501953125, 24667.865234375, 24927.42578125, 24975.185546875, 25184.005859375, 24805.853515625, 25207.205078125, 24848.244140625, 24716.771484375, 25230.638671875, 25248.740234375, 24968.724609375, 25265.31640625, 25255.078125, 25013.6640625, 25282.107421875, 25454.369140625, 25480.390625, 25563.451171875, 25539.05078125, 25617.96484375, 25377.875, 25699.087890625, 25381.216796875, 25814.216796875, 25647.341796875, 25674.58203125, 25748.9453125, 25877.705078125, 25835.28515625, 25686.68359375, 25769.716796875, 25764.232421875, 25892.40625, 25719.974609375, 25834.052734375, 25921.62109375, 25743.330078125, 25727.185546875, 26107.068359375, 26052.27734375, 25785.8671875, 26019.994140625, 26054.970703125, 26064.236328125, 26401.025390625, 26084.8046875, 26251.677734375, 26461.71484375, 26178.529296875, 25932.556640625, 26379.4609375, 26226.931640625, 26226.236328125, 26440.4140625, 26234.265625, 26547.76953125, 26200.560546875, 26250.5390625, 26578.107421875, 26012.912109375, 26404.71484375, 26718.591796875, 26236.71484375, 26456.451171875, 26322.400390625, 26234.833984375, 26390.927734375, 26172.625, 26590.056640625, 26618.6171875, 26478.869140625, 26420.255859375, 26545.439453125, 26417.435546875, 26302.369140625, 26551.796875, 26513.3671875, 26347.0625, 26414.0703125, 26667.5546875, 26719.67578125, 26602.24609375, 26762.361328125, 26674.541015625, 26681.71484375, 26618.619140625, 26554.626953125, 26771.36328125, 26781.037109375, 26634.55859375, 26917.013671875, 26910.31640625, 26774.9765625, 26664.513671875, 26842.35546875, 26848.59375, 26880.552734375, 26589.720703125, 26699.685546875, 26590.3203125, 26716.671875, 26979.3359375, 26686.37890625, 26740.033203125, 26855.96875, 26896.373046875, 26663.955078125, 26664.09765625, 26779.736328125, 26977.501953125, 26895.30859375, 26822.0546875, 26976.64453125, 26893.86328125, 26800.470703125, 26873.830078125, 26787.33984375, 26928.759765625, 26833.294921875, 26737.484375, 27013.455078125, 27198.390625, 26890.416015625, 27047.75, 27110.490234375, 27068.654296875, 26974.2890625, 27061.099609375, 26705.5234375, 27268.572265625, 26974.765625, 27047.265625, 26994.662109375, 27073.25, 27395.208984375, 26957.66796875, 27064.033203125, 26997.025390625, 27078.154296875, 27141.591796875, 26957.271484375, 26989.53125, 26837.861328125, 27011.841796875, 26966.416015625, 27137.603515625, 26975.931640625, 27062.49609375, 26857.255859375, 27055.9375, 26943.74609375, 26859.60546875, 27114.83984375, 27115.771484375, 27422.806640625, 27414.591796875, 27378.826171875, 27128.5078125, 27029.681640625, 27320.974609375, 27276.130859375, 27162.84765625, 27434.337890625, 26908.572265625, 26999.548828125, 27353.48828125, 27358.19140625, 27478.59375, 27142.82421875, 27322.287109375, 27234.771484375, 27051.513671875, 27389.833984375, 27156.0234375, 27365.697265625, 27223.86328125, 26860.525390625, 27313.318359375, 27544.11328125, 27570.251953125, 26989.99609375, 27107.365234375, 27198.849609375, 27250.166015625, 27483.87890625, 27476.97265625, 27005.833984375, 27420.69140625, 27170.474609375, 27428.27734375, 27340.478515625, 27623.67578125, 27102.177734375, 27298.20703125, 27270.17578125, 27324.560546875, 27484.05078125, 27166.576171875, 27300.41015625, 27331.14453125, 27538.306640625, 27567.16796875, 27186.37109375, 27410.41015625, 27437.166015625, 27154.623046875, 27165.201171875, 27362.98828125, 27553.875, 27429.86328125, 27625.02734375, 27320.994140625, 27367.5234375, 27379.6953125, 27586.3125, 27410.361328125, 27264.52734375, 27458.716796875, 27379.6640625, 27555.669921875, 27424.689453125, 27125.52734375, 27580.7890625, 27417.93359375, 27590.1796875, 27605.13671875, 27284.421875, 27474.279296875, 27268.220703125, 27457.22265625, 27438.890625, 27206.89453125, 27178.2421875, 27417.10546875, 27773.818359375, 27694.484375, 27487.994140625, 27703.54296875, 27531.375, 27830.79296875, 27821.076171875, 27549.5859375, 27696.32421875, 27581.37109375, 27451.134765625, 27528.498046875, 27600.419921875, 27553.505859375, 27586.404296875, 27524.720703125, 27443.689453125, 27695.294921875, 27429.962890625, 27667.302734375, 27463.537109375, 27577.19140625, 27632.974609375, 27440.07421875, 27469.919921875, 27523.154296875, 27692.57421875, 27355.095703125, 27520.298828125, 27535.03515625, 27469.333984375, 27485.802734375, 27720.759765625, 27456.060546875, 27321.359375, 27450.169921875, 27490.654296875, 27604.6796875, 27372.302734375, 27789.6171875, 27546.31640625, 27729.44921875, 27510.927734375, 27373.1640625, 27587.193359375, 27709.9296875, 27431.314453125, 27734.20703125, 27675.44140625, 27573.455078125, 27132.3203125, 27416.20703125, 27454.0, 27798.763671875, 27698.26953125, 27428.783203125, 27842.287109375, 27483.9296875, 27680.48046875, 27721.5078125, 27524.12890625, 27615.24609375, 27494.57421875, 27737.74609375, 27657.798828125, 27580.572265625, 27524.849609375, 27567.6953125, 27624.462890625, 27629.822265625, 27769.103515625, 27273.9609375, 27546.640625, 27640.2890625, 27545.11328125, 27683.626953125, 27676.8046875, 27535.111328125, 27844.31640625, 27340.451171875, 27732.294921875, 27809.255859375, 27356.111328125, 27632.2265625, 27671.44140625, 27536.62109375, 27722.193359375, 27897.056640625, 27790.615234375, 27797.541015625, 27669.677734375, 27839.306640625, 27618.146484375, 27619.3515625, 27722.005859375, 27509.986328125, 28013.9453125, 27646.548828125, 27474.728515625, 27533.8125, 27346.859375, 27674.216796875, 27589.5546875, 27562.248046875, 27512.369140625, 27600.091796875, 27325.775390625, 27625.75, 27628.115234375, 27640.49609375, 27619.88671875, 27710.06640625, 27784.443359375, 27542.171875, 27773.271484375, 27457.6328125, 27591.69921875, 27745.953125, 27834.703125, 27761.646484375, 27864.01953125, 27508.9296875, 27737.7109375, 27565.255859375, 27821.375, 27839.033203125, 27736.46875, 27783.47265625, 27680.111328125, 27859.9609375, 27858.390625, 27659.796875, 27610.78515625, 27802.267578125, 27512.62109375, 27463.951171875, 27795.6875, 27669.544921875, 27818.158203125, 27801.1796875, 27760.564453125, 27944.650390625, 27844.216796875, 27886.181640625, 27990.93359375, 27651.568359375, 27826.205078125, 27566.142578125, 27781.80859375, 28116.048828125]
