num_layers >>> 5

hidden_dim >>> 128

heads >>> 8

instance_size >>> 100

problem >>> OP

dataset_size >>> 25000

batch_size >>> 50

epochs >>> 400

num_datasets >>> 40

task >>> RL

lr >>> 0.0001

scale_weights >>> True

data_distribution >>> TMAT

final_node_layer >>> False

nodeless >>> True

augmentation_factor >>> 8

matnet >>> True

device >>> cuda

timestamp >>> 20250515_102712_2103280

pointerformer >>> False

criterion >>> None

asymmetric >>> True


Validation loss:[26665.94140625, 26778.68359375, 27295.30859375, 27606.705078125, 27841.697265625, 27977.556640625, 27999.85546875, 28091.412109375, 28403.6953125, 28309.810546875, 28614.703125, 28737.021484375, 28610.93359375, 28746.103515625, 28574.43359375, 28835.630859375, 29059.82421875, 29539.552734375, 29569.609375, 29548.216796875, 29688.7890625, 29806.361328125, 29752.75, 29732.669921875, 29740.193359375, 29801.201171875, 29847.935546875, 29877.3203125, 29861.0234375, 29930.13671875, 29939.1796875, 29894.96875, 29895.310546875, 29942.72265625, 29990.33203125, 30015.451171875, 29968.9609375, 30029.310546875, 29945.646484375, 29978.373046875, 30072.2265625, 30060.25390625, 30111.58203125, 30060.439453125, 29951.255859375, 30017.529296875, 30094.66796875, 30070.57421875, 30087.103515625, 30222.3125, 30182.990234375, 30275.203125, 30356.255859375, 30255.916015625, 30244.33984375, 30359.48046875, 30399.158203125, 30319.296875, 30257.265625, 30384.09375, 30508.048828125, 30495.380859375, 30419.33984375, 30432.654296875, 30461.869140625, 30494.01953125, 30593.5390625, 30536.8046875, 30538.333984375, 30470.3046875, 30557.701171875, 30464.466796875, 30497.6171875, 30520.30859375, 30539.166015625, 30624.146484375, 30596.443359375, 30587.162109375, 30571.970703125, 30517.744140625, 30593.9296875, 30622.603515625, 30527.8671875, 30644.84375, 30627.958984375, 30589.65625, 30564.716796875, 30637.552734375, 30642.69140625, 30635.166015625, 30648.37109375, 30684.755859375, 30716.408203125, 30682.162109375, 30685.42578125, 30695.39453125, 30647.83984375, 30652.703125, 30747.10546875, 30661.408203125, 30749.7421875, 30791.8203125, 30852.59765625, 30849.19921875, 30810.53515625, 30869.8828125, 30840.8046875, 30852.447265625, 30865.0546875, 30930.400390625, 30920.1484375, 30978.90625, 30947.630859375, 30927.306640625, 30917.521484375, 30998.5234375, 30928.2578125, 30979.498046875, 30999.0703125, 30939.994140625, 30935.826171875, 30956.09375, 30956.880859375, 30941.015625, 30998.513671875, 31010.19921875, 30961.130859375, 30906.201171875, 30967.23828125, 30954.169921875, 31003.123046875, 30972.859375, 30999.322265625, 31010.869140625, 31020.7109375, 30966.1328125, 31037.208984375, 31049.091796875, 31032.744140625, 31053.65625, 31008.6171875, 31049.041015625, 31004.87890625, 31021.36328125, 31015.23828125, 31039.8828125, 31068.345703125, 31044.4609375, 31016.279296875, 31057.17578125, 31104.67578125, 31144.3515625, 31127.32421875, 31144.703125, 31151.3828125, 31144.3671875, 31208.90625, 31146.904296875, 31193.486328125, 31157.134765625, 31137.3515625, 31184.892578125, 31137.48046875, 31120.16796875, 31212.373046875, 31206.81640625, 31185.94140625, 31179.48828125, 31251.62890625, 31230.58203125, 31193.26171875, 31171.599609375, 31186.7109375, 31177.853515625, 31200.90625, 31188.84765625, 31166.740234375, 31203.171875, 31206.087890625, 31205.822265625, 31249.712890625, 31226.615234375, 31241.755859375, 31210.361328125, 31217.54296875, 31211.634765625, 31233.611328125, 31234.166015625, 31265.14453125, 31242.0859375, 31301.8203125, 31323.283203125, 31273.333984375, 31273.24609375, 31297.25, 31249.265625, 31253.279296875, 31275.662109375, 31287.2265625, 31272.76953125, 31279.88671875, 31347.7109375, 31307.677734375, 31323.048828125, 31357.830078125, 31319.494140625, 31305.935546875, 31360.541015625, 31367.515625, 31351.2109375, 31350.470703125, 31455.587890625, 31392.447265625, 31456.06640625, 31396.181640625, 31467.19921875, 31462.90625, 31505.353515625, 31459.0625, 31449.255859375, 31477.822265625, 31469.73828125, 31455.076171875, 31497.26171875, 31475.640625, 31484.4765625, 31489.37109375, 31530.30078125, 31533.9453125, 31510.384765625, 31507.583984375, 31506.3203125, 31503.12109375, 31510.3828125, 31506.19921875, 31489.796875, 31504.494140625, 31508.56640625, 31528.9765625, 31546.939453125, 31497.234375, 31545.4609375, 31513.65234375, 31511.291015625, 31587.892578125, 31533.611328125, 31552.05078125, 31586.234375, 31581.748046875, 31579.7109375, 31563.013671875, 31610.14453125, 31609.96875, 31602.767578125, 31581.869140625, 31581.443359375, 31627.26171875, 31596.546875, 31623.2421875, 31581.998046875, 31647.62890625, 31616.798828125, 31593.75, 31662.90234375, 31609.88671875, 31635.97265625, 31619.513671875, 31642.861328125, 31672.861328125, 31634.521484375, 31651.1484375, 31604.91796875, 31668.650390625, 31640.904296875, 31632.359375, 31653.935546875, 31624.978515625, 31641.115234375, 31655.5703125, 31677.20703125, 31627.916015625, 31641.2578125, 31684.486328125, 31680.921875, 31636.51171875, 31671.916015625, 31673.486328125, 31668.974609375, 31707.634765625, 31696.203125, 31635.3203125, 31697.033203125, 31663.720703125, 31754.205078125, 31707.681640625, 31704.859375, 31667.244140625, 31702.037109375, 31667.447265625, 31707.35546875, 31722.888671875, 31692.42578125, 31738.806640625, 31701.201171875, 31734.43359375, 31713.099609375, 31688.060546875, 31714.259765625, 31708.857421875, 31696.35546875, 31771.86328125, 31698.298828125, 31726.400390625, 31691.234375, 31726.646484375, 31709.01171875, 31717.421875, 31731.029296875, 31759.693359375, 31721.271484375, 31787.771484375, 31751.955078125, 31810.52734375, 31779.1328125, 31761.166015625, 31777.91015625, 31750.41015625, 31747.29296875, 31728.373046875, 31771.69140625, 31730.71484375, 31777.75, 31743.802734375, 31792.6484375, 31772.896484375, 31746.78515625, 31759.3203125, 31783.0859375, 31752.69921875, 31794.474609375, 31768.509765625, 31755.52734375, 31790.203125, 31775.73046875, 31773.06640625, 31747.41796875, 31745.95703125, 31777.1640625, 31790.658203125, 31749.05859375, 31775.328125, 31770.06640625, 31802.720703125, 31790.35546875, 31841.2890625, 31792.123046875, 31827.54296875, 31797.66796875, 31819.056640625, 31823.673828125, 31791.798828125, 31818.29296875, 31774.177734375, 31812.171875, 31783.357421875, 31804.162109375, 31761.7421875, 31807.59765625, 31799.0234375, 31818.22265625, 31799.263671875, 31793.24609375, 31828.22265625, 31786.173828125, 31782.11328125, 31792.853515625, 31839.552734375, 31786.18359375, 31777.80078125, 31764.015625, 31834.837890625, 31783.466796875, 31791.65625, 31792.302734375, 31810.25390625, 31821.009765625, 31799.275390625, 31796.544921875, 31794.45703125, 31770.419921875, 31806.583984375, 31766.45703125, 31773.62890625, 31818.60546875, 31795.09375, 31830.048828125, 31834.005859375, 31803.05078125, 31774.603515625, 31804.677734375]
