num_layers >>> 5

hidden_dim >>> 128

heads >>> 8

instance_size >>> 100

problem >>> OP

dataset_size >>> 25000

batch_size >>> 50

epochs >>> 400

num_datasets >>> 40

task >>> RL

lr >>> 0.0001

scale_weights >>> True

data_distribution >>> EUC

final_node_layer >>> False

nodeless >>> True

augmentation_factor >>> 8

matnet >>> False

pointerformer >>> True

device >>> cuda

timestamp >>> 20250506_091417_3415715

criterion >>> None

asymmetric >>> True


Validation loss:[29658.78125, 30150.48828125, 30361.642578125, 30443.095703125, 30689.8671875, 30764.54296875, 30764.24609375, 30922.59375, 31060.970703125, 30955.20703125, 31180.791015625, 31113.25, 31150.021484375, 31031.603515625, 31179.806640625, 31251.046875, 31269.052734375, 31256.0625, 31245.33984375, 31303.833984375, 31400.056640625, 31363.818359375, 31314.123046875, 31393.6171875, 31410.76953125, 31465.53515625, 31529.958984375, 31478.234375, 31463.115234375, 31492.021484375, 31468.69921875, 31557.873046875, 31541.953125, 31571.962890625, 31673.419921875, 31494.26171875, 31640.662109375, 31470.3359375, 31651.439453125, 31643.54296875, 31700.544921875, 31501.373046875, 31694.716796875, 31668.517578125, 31678.576171875, 31728.017578125, 31718.6953125, 31764.560546875, 31779.03125, 31726.697265625, 31703.595703125, 31759.611328125, 31713.59765625, 31794.05078125, 31772.6171875, 31790.6171875, 31792.6953125, 31722.521484375, 31796.646484375, 31836.380859375, 31829.513671875, 31856.357421875, 31867.087890625, 31830.40234375, 31886.52734375, 31736.427734375, 31860.44140625, 31801.515625, 31803.53515625, 31812.796875, 31896.01171875, 31879.05078125, 31905.47265625, 31936.7578125, 31977.03515625, 31969.619140625, 31970.830078125, 31926.275390625, 32001.828125, 31895.94140625, 32015.3828125, 31984.6875, 32006.740234375, 31905.890625, 31955.52734375, 31942.208984375, 31998.4453125, 31985.638671875, 31913.2109375, 31930.1328125, 32018.939453125, 32006.77734375, 32030.6171875, 32039.9453125, 32017.1640625, 32024.2109375, 32020.888671875, 31952.1484375, 32091.849609375, 32054.890625, 32063.61328125, 32109.544921875, 32065.306640625, 32075.375, 31985.35546875, 32016.80859375, 32034.6640625, 32056.923828125, 32015.109375, 32019.546875, 32095.103515625, 32031.744140625, 32124.490234375, 32083.015625, 32082.8515625, 32072.052734375, 32098.056640625, 32073.376953125, 32076.66796875, 32171.87109375, 32094.646484375, 32031.6875, 32109.966796875, 32152.751953125, 32144.783203125, 32083.1953125, 32123.818359375, 32110.77734375, 32103.333984375, 32112.796875, 32130.85546875, 32153.783203125, 32141.25, 32024.59765625, 32163.681640625, 32075.306640625, 32092.080078125, 32136.279296875, 32103.638671875, 32142.375, 32118.45703125, 32246.94921875, 32177.7890625, 32217.060546875, 32207.732421875, 32224.53515625, 32174.748046875, 32198.05078125, 32209.16015625, 32176.25390625, 32176.07421875, 32148.138671875, 32166.5390625, 32174.328125, 32232.208984375, 32208.201171875, 32160.068359375, 32164.14453125, 32270.892578125, 32149.02734375, 32106.01171875, 32327.328125, 32256.609375, 32252.0859375, 32219.998046875, 32206.908203125, 32238.470703125, 32284.6796875, 32307.1015625, 32236.376953125, 32228.908203125, 32259.138671875, 32263.095703125, 32313.099609375, 32262.880859375, 32286.515625, 32256.458984375, 32299.181640625, 32249.240234375, 32233.10546875, 32294.658203125, 32212.12890625, 32265.328125, 32278.76171875, 32239.107421875, 32267.48828125, 32381.34375, 32277.083984375, 32291.994140625, 32221.951171875, 32351.630859375, 32295.52734375, 32237.642578125, 32276.111328125, 32291.544921875, 32264.71875, 32232.734375, 32292.337890625, 32425.60546875, 32269.400390625, 32178.353515625, 32359.181640625, 32299.583984375, 32326.19921875, 32395.56640625, 32354.767578125, 32349.642578125, 32280.244140625, 32338.501953125, 32298.908203125, 32329.84765625, 32320.81640625, 32316.07421875, 32327.12109375, 32286.779296875, 32309.5859375, 32341.5546875, 32344.458984375, 32287.255859375, 32337.9765625, 32355.623046875, 32323.828125, 32390.392578125, 32345.853515625, 32319.068359375, 32304.01171875, 32343.521484375, 32341.279296875, 32381.970703125, 32410.05859375, 32368.935546875, 32406.828125, 32388.115234375, 32361.93359375, 32400.958984375, 32317.34375, 32404.4375, 32254.337890625, 32401.31640625, 32412.818359375, 32393.166015625, 32392.24609375, 32335.55078125, 32431.9375, 32297.82421875, 32366.0546875, 32458.12890625, 32401.810546875, 32416.2421875, 32377.890625, 32397.080078125, 32368.1171875, 32434.541015625, 32395.0703125, 32363.923828125, 32415.931640625, 32439.421875, 32364.81640625, 32389.888671875, 32391.615234375, 32433.380859375, 32418.623046875, 32360.8828125, 32328.65234375, 32409.80859375, 32433.267578125, 32460.55078125, 32430.896484375, 32438.986328125, 32461.509765625, 32387.404296875, 32370.115234375, 32426.58203125, 32446.1484375, 32446.322265625, 32436.73046875, 32491.0703125, 32387.173828125, 32478.76171875, 32410.232421875, 32433.974609375, 32426.392578125, 32433.505859375, 32411.939453125, 32448.431640625, 32489.232421875, 32501.123046875, 32408.203125, 32454.330078125, 32444.357421875, 32439.591796875, 32417.666015625, 32447.380859375, 32442.05859375, 32473.185546875, 32474.24609375, 32449.732421875, 32364.509765625, 32470.96484375, 32403.978515625, 32449.58984375, 32522.947265625, 32476.328125, 32413.943359375, 32461.6953125, 32448.955078125, 32450.876953125, 32544.966796875, 32488.626953125, 32508.84765625, 32389.296875, 32507.255859375, 32414.50390625, 32453.248046875, 32459.7421875, 32529.2265625, 32511.10546875, 32415.91796875, 32423.296875, 32456.640625, 32449.5390625, 32542.462890625, 32478.087890625, 32440.54296875, 32522.140625, 32473.37890625, 32543.603515625, 32506.958984375, 32479.765625, 32455.447265625, 32490.609375, 32475.517578125, 32481.578125, 32459.951171875, 32537.05859375, 32528.02734375, 32531.7578125, 32519.49609375, 32478.099609375, 32458.501953125, 32502.505859375, 32545.630859375, 32526.8046875, 32540.732421875, 32531.572265625, 32497.22265625, 32561.216796875, 32534.794921875, 32491.2734375, 32432.654296875, 32517.0859375, 32526.54296875, 32535.177734375, 32556.390625, 32469.66015625, 32577.5703125, 32566.146484375, 32517.443359375, 32490.1640625, 32450.685546875, 32545.8828125, 32495.4453125, 32560.99609375, 32542.6328125, 32469.7734375, 32527.380859375, 32515.435546875, 32531.5859375, 32528.046875, 32520.908203125, 32506.90234375, 32530.421875, 32538.93359375, 32460.001953125, 32553.888671875, 32582.6796875, 32541.91796875, 32583.708984375, 32608.39453125, 32589.0625, 32538.43359375, 32544.74609375, 32541.9375, 32572.185546875, 32531.056640625, 32528.291015625, 32542.470703125, 32599.537109375, 32577.2265625, 32578.87109375, 32519.60546875, 32548.349609375, 32507.095703125, 32591.759765625, 32569.314453125, 32523.818359375, 32509.595703125, 32536.380859375, 32593.7109375, 32614.462890625]
