num_layers >>> 5

hidden_dim >>> 128

heads >>> 8

instance_size >>> 100

problem >>> OP

dataset_size >>> 25000

batch_size >>> 50

epochs >>> 400

num_datasets >>> 40

task >>> RL

lr >>> 0.0001

scale_weights >>> True

data_distribution >>> EUC

final_node_layer >>> False

nodeless >>> True

augmentation_factor >>> 8

matnet >>> True

device >>> cuda

timestamp >>> 20250515_102718_3904719

pointerformer >>> False

criterion >>> None

asymmetric >>> True


Validation loss:[28663.123046875, 29275.646484375, 29200.642578125, 29368.05078125, 29331.134765625, 29381.212890625, 29713.419921875, 29687.07421875, 29655.560546875, 29722.26953125, 29891.35546875, 29924.765625, 29988.796875, 29994.615234375, 30058.4296875, 30062.94140625, 30143.76171875, 29961.8515625, 30118.302734375, 30228.845703125, 30272.869140625, 30333.826171875, 30438.90625, 30363.83984375, 30407.21875, 30386.0625, 30457.11328125, 30508.412109375, 30474.10546875, 30570.09375, 30482.720703125, 30567.7109375, 30486.830078125, 30575.7734375, 30575.578125, 30616.369140625, 30661.84375, 30557.599609375, 30466.701171875, 30655.236328125, 30570.759765625, 30681.416015625, 30530.7734375, 30655.3046875, 30660.1015625, 30737.712890625, 30695.341796875, 30664.60546875, 30729.390625, 30620.12890625, 30735.572265625, 30780.080078125, 30663.193359375, 30731.068359375, 30750.1171875, 30842.58203125, 30739.115234375, 30730.3984375, 30676.154296875, 30728.521484375, 30801.3125, 30783.8515625, 30699.18359375, 30762.599609375, 30876.708984375, 30788.783203125, 30823.875, 30649.56640625, 30777.125, 30802.5625, 30764.201171875, 30853.68359375, 30790.935546875, 30865.25390625, 30829.978515625, 30860.220703125, 30782.375, 30815.646484375, 30769.6484375, 30872.001953125, 30809.26953125, 30884.6875, 30859.255859375, 30770.416015625, 30835.40234375, 30887.806640625, 30922.28125, 30874.677734375, 30809.935546875, 30882.87890625, 30730.84375, 30852.134765625, 30896.048828125, 30842.267578125, 30778.46484375, 30857.599609375, 30907.896484375, 30926.458984375, 30937.068359375, 30918.513671875, 30917.556640625, 30834.240234375, 30879.802734375, 30931.927734375, 30929.44140625, 30907.75390625, 30925.82421875, 31013.123046875, 31030.84375, 31007.8671875, 30948.689453125, 31033.716796875, 31005.421875, 31019.89453125, 30940.72265625, 30919.826171875, 31031.98828125, 31022.5859375, 30972.0546875, 30952.921875, 30969.82421875, 30978.4765625, 30940.21484375, 31002.443359375, 31068.837890625, 30832.359375, 31005.896484375, 30967.203125, 31042.44140625, 30985.140625, 30979.392578125, 30974.951171875, 30982.8984375, 30852.212890625, 30950.2265625, 30996.8359375, 30965.58984375, 30940.85546875, 31020.6953125, 30896.36328125, 30998.029296875, 30991.634765625, 31011.822265625, 30993.712890625, 30928.814453125, 30976.294921875, 30940.78125, 31078.173828125, 30975.1875, 30943.291015625, 30923.712890625, 30930.58984375, 31008.966796875, 31037.884765625, 31008.05859375, 31126.25, 31020.623046875, 31041.125, 31014.82421875, 31027.349609375, 31029.9375, 30943.7109375, 31045.875, 30955.611328125, 31106.6875, 31038.408203125, 30983.59765625, 31078.134765625, 31068.83203125, 31071.41796875, 30986.546875, 30981.36328125, 31058.337890625, 31072.880859375, 31117.734375, 30942.130859375, 30887.828125, 30985.525390625, 31030.470703125, 31006.546875, 30857.318359375, 30960.55859375, 30924.359375, 30906.5546875, 31002.990234375, 31087.310546875, 31043.5625, 31117.642578125, 31042.734375, 31046.751953125, 31076.427734375, 31068.03515625, 31078.779296875, 30994.384765625, 30918.75390625, 30909.041015625, 31010.70703125, 30941.958984375, 30975.302734375, 31019.169921875, 31097.080078125, 31093.4453125, 30986.701171875, 31135.734375, 31053.904296875, 31120.837890625, 31048.689453125, 31015.634765625, 30886.462890625, 31096.171875, 31090.33984375, 31094.3203125, 31067.17578125, 31050.17578125, 31063.76953125, 31054.083984375, 31039.177734375, 30781.689453125, 30813.482421875, 31076.26171875, 30979.15234375, 31026.84375, 31081.28515625, 30941.255859375, 31046.2890625, 30868.05078125, 31006.755859375, 31115.9375, 31032.806640625, 31129.583984375, 31097.5078125, 31066.115234375, 31147.732421875, 31123.40234375, 31163.013671875, 31103.26171875, 31176.21484375, 31086.111328125, 31114.80859375, 31150.62890625, 31133.419921875, 31101.451171875, 31152.587890625, 31121.2265625, 31142.66015625, 31175.779296875, 30838.509765625, 31018.078125, 31089.80859375, 31075.166015625, 31125.5234375, 31119.8671875, 31102.927734375, 31123.1484375, 31190.6796875, 31102.646484375, 31194.234375, 31062.5078125, 31084.677734375, 31099.373046875, 31031.857421875, 31121.2890625, 31115.423828125, 31179.7890625, 31059.107421875, 30858.02734375, 31067.0703125, 31029.060546875, 31142.115234375, 31204.744140625, 31119.3359375, 31071.283203125, 31091.283203125, 31052.0625, 31149.904296875, 31137.580078125, 31144.4609375, 31150.37890625, 31057.34765625, 31175.083984375, 31099.201171875, 31195.40234375, 31124.3515625, 31105.728515625, 31129.056640625, 31139.046875, 31183.49609375, 31186.568359375, 31182.08984375, 31186.296875, 31238.548828125, 31161.35546875, 31152.8671875, 31244.00390625, 31189.6484375, 31198.515625, 31130.59375, 31152.623046875, 31180.77734375, 30938.955078125, 31210.1015625, 31168.42578125, 31132.755859375, 31171.203125, 31147.734375, 31161.568359375, 31130.099609375, 31166.849609375, 31196.767578125, 31233.9140625, 31200.818359375, 31139.48828125, 31147.53125, 31123.421875, 31204.650390625, 31180.455078125, 31265.44921875, 31154.59375, 31229.029296875, 31205.712890625, 31225.06640625, 31174.556640625, 31213.666015625, 31104.8984375, 31169.4453125, 31173.96484375, 31113.197265625, 30965.326171875, 31090.509765625, 30924.01953125, 31096.154296875, 31123.34765625, 31093.021484375, 30960.205078125, 30961.34765625, 30762.08203125, 30952.19921875, 30847.232421875, 30917.521484375, 30553.23828125, 30879.626953125, 30834.69140625, 31110.634765625, 31134.166015625, 31187.4375, 31003.57421875, 31186.56640625, 31024.6015625, 31144.1875, 31070.623046875, 31103.716796875, 31183.044921875, 31096.728515625, 31114.05078125, 31103.96875, 31098.22265625, 31122.724609375, 31162.810546875, 31137.513671875, 30185.51171875, 31040.13671875, 31189.130859375, 31215.21875, 31182.5703125, 31119.98828125, 31136.0859375, 31192.28125, 31191.609375, 31223.44140625, 31214.88671875, 31168.9921875, 31200.099609375, 31193.859375, 31211.4609375, 31169.75, 31241.279296875, 31270.7578125, 31155.771484375, 31271.03515625, 31139.2265625, 31245.82421875, 31268.701171875, 31227.048828125, 31142.974609375, 31177.49609375, 31191.619140625, 31246.69140625, 31220.037109375, 31320.3828125, 31231.693359375, 31241.68359375, 31198.2734375, 31169.0625, 31271.3359375, 31162.541015625, 31164.234375, 31117.986328125, 31225.546875, 31195.75, 31171.154296875]
