num_layers >>> 5

hidden_dim >>> 128

heads >>> 8

instance_size >>> 100

problem >>> OP

dataset_size >>> 25000

batch_size >>> 50

epochs >>> 400

num_datasets >>> 40

task >>> RL

lr >>> 0.0001

scale_weights >>> True

data_distribution >>> MIX

final_node_layer >>> False

nodeless >>> False

augmentation_factor >>> 8

matnet >>> False

device >>> cuda

timestamp >>> 20250424_232558_523056

criterion >>> None

asymmetric >>> True


Validation loss:[21831.171875, 21512.666015625, 22975.1484375, 23519.966796875, 24153.705078125, 24828.62109375, 24267.330078125, 25178.068359375, 25313.26953125, 25693.685546875, 25639.154296875, 25228.91015625, 25799.861328125, 25514.1875, 25922.162109375, 25636.328125, 25977.6640625, 26106.611328125, 26461.599609375, 26296.955078125, 26110.705078125, 26769.71875, 26358.87109375, 26466.55078125, 26448.921875, 26611.27734375, 26698.6875, 26559.443359375, 26477.654296875, 26999.595703125, 26338.283203125, 26934.546875, 26584.794921875, 26758.6640625, 26714.458984375, 26790.935546875, 26897.95703125, 26964.16015625, 26648.640625, 26925.599609375, 26761.77734375, 27063.91015625, 26870.193359375, 27009.59375, 26914.822265625, 26761.916015625, 26977.123046875, 26879.2890625, 27066.767578125, 27376.599609375, 27179.927734375, 27278.33203125, 27121.408203125, 27464.7734375, 27138.9296875, 27108.087890625, 27134.416015625, 27273.939453125, 27017.8125, 27439.759765625, 27168.76953125, 26883.1484375, 27568.0, 27212.93359375, 27492.259765625, 27352.306640625, 27349.373046875, 27397.47265625, 27568.302734375, 27657.96875, 27593.240234375, 27473.01171875, 27333.4921875, 27438.6640625, 27437.87890625, 27321.83203125, 27542.01171875, 27345.595703125, 27547.021484375, 27331.134765625, 27494.533203125, 27453.73046875, 27357.1484375, 27486.552734375, 27431.478515625, 27609.794921875, 27833.775390625, 27693.109375, 27423.13671875, 27578.6171875, 27455.150390625, 27383.2578125, 27675.12109375, 27641.759765625, 27628.705078125, 27371.30859375, 27660.384765625, 27668.8671875, 27697.595703125, 27582.072265625, 27643.62109375, 27599.8046875, 27499.5, 27533.34765625, 27922.72265625, 27966.9609375, 27568.9765625, 27793.82421875, 27684.5859375, 27983.01953125, 27918.46875, 27508.892578125, 27782.302734375, 27573.759765625, 27736.369140625, 27636.501953125, 27509.875, 27735.30859375, 27690.123046875, 27738.181640625, 27807.138671875, 27785.13671875, 27887.279296875, 27604.47265625, 27716.138671875, 27799.58984375, 27636.658203125, 27684.80859375, 27891.08203125, 27796.470703125, 27752.4453125, 27840.501953125, 27673.109375, 28016.396484375, 27919.78515625, 27868.771484375, 27856.65234375, 28019.732421875, 27880.27734375, 27830.193359375, 27485.046875, 27833.423828125, 27989.869140625, 27866.3515625, 27979.5234375, 28049.6875, 27834.314453125, 27617.3671875, 27755.033203125, 27715.3984375, 28023.255859375, 27963.740234375, 28110.05859375, 27888.88671875, 27990.494140625, 28102.08984375, 27938.603515625, 27641.744140625, 27901.365234375, 27970.140625, 27956.671875, 27975.505859375, 27699.755859375, 27737.853515625, 27588.431640625, 27668.5546875, 27778.96875, 27768.494140625, 27905.712890625, 27909.5625, 28008.349609375, 28050.3359375, 28068.15234375, 28217.98828125, 28240.7734375, 28022.763671875, 28205.509765625, 27717.66015625, 27961.322265625, 27948.244140625, 27789.49609375, 28112.642578125, 28036.306640625, 27999.037109375, 27846.5234375, 27841.021484375, 27917.673828125, 28015.634765625, 28067.828125, 27997.63671875, 27997.416015625, 28041.31640625, 27955.376953125, 28007.12890625, 28137.1875, 28177.068359375, 28016.62890625, 27883.66796875, 28196.7734375, 28274.921875, 27951.205078125, 28068.970703125, 28060.15234375, 28037.875, 28134.884765625, 28198.55078125, 28117.36328125, 28315.203125, 28132.21484375, 28102.158203125, 27847.353515625, 28155.6796875, 28228.6015625, 28280.78515625, 28011.7734375, 28203.681640625, 28058.73828125, 28106.111328125, 28166.546875, 27975.685546875, 28007.1171875, 27947.4765625, 27887.220703125, 28156.08984375, 28077.271484375, 27953.306640625, 28057.361328125, 28133.01171875, 28011.47265625, 28035.671875, 27941.10546875, 28032.677734375, 28061.416015625, 28176.63671875, 27976.162109375, 28064.46484375, 28081.50390625, 28300.205078125, 28293.75, 27826.69140625, 28019.296875, 28165.265625, 28233.4609375, 28089.4140625, 28284.591796875, 28145.2890625, 28142.2890625, 28309.251953125, 28211.666015625, 28361.8203125, 28078.47265625, 28230.13671875, 28391.380859375, 28405.9296875, 28128.6640625, 28358.283203125, 27893.8671875, 28346.986328125, 28073.3515625, 28193.99609375, 28093.634765625, 28303.505859375, 28063.6328125, 28205.6328125, 28124.064453125, 28392.240234375, 28097.8984375, 28416.94921875, 27928.224609375, 28374.919921875, 28008.33203125, 28142.1953125, 28136.39453125, 28319.525390625, 27913.388671875, 28237.90625, 28077.744140625, 28154.1015625, 28411.552734375, 28253.015625, 28217.697265625, 28123.916015625, 28172.40234375, 28211.54296875, 28052.1953125, 28399.857421875, 28142.580078125, 28256.48828125, 28427.91015625, 28182.884765625, 27894.513671875, 28143.0390625, 28379.462890625, 28159.478515625, 28260.76953125, 28130.041015625, 28092.783203125, 28337.00390625, 28300.978515625, 28152.841796875, 28165.025390625, 28433.6328125, 28295.02734375, 28226.9765625, 28193.650390625, 28341.337890625, 28369.31640625, 28166.80078125, 28222.0859375, 28415.265625, 28264.76171875, 28345.34375, 28176.29296875, 28329.892578125, 28410.7421875, 28195.482421875, 28305.068359375, 28054.7890625, 27966.32421875, 28379.875, 28375.017578125, 28230.052734375, 28438.49609375, 28298.302734375, 28446.28515625, 28525.44921875, 28117.087890625, 28396.33203125, 28426.267578125, 28289.955078125, 28381.6171875, 28408.10546875, 27975.7890625, 28250.90234375, 28418.328125, 28225.263671875, 28495.55859375, 28409.966796875, 28340.369140625, 28489.84765625, 28384.220703125, 28545.65625, 28531.125, 28248.3125, 28300.404296875, 28293.703125, 28327.166015625, 28301.3984375, 28207.734375, 28246.63671875, 28141.07421875, 28416.443359375, 28471.962890625, 28367.49609375, 28625.23046875, 28278.36328125, 28468.240234375, 28568.150390625, 28431.875, 28181.0078125, 28444.15234375, 28283.693359375, 28364.59375, 28571.498046875, 28395.259765625, 28245.271484375, 28390.8671875, 28227.873046875, 28277.271484375, 28462.4921875, 28325.955078125, 28318.234375, 28280.068359375, 28227.5, 28423.751953125, 28541.380859375, 28082.2734375, 28438.296875, 28484.60546875, 28539.224609375, 28416.771484375, 28341.978515625, 28247.923828125, 28471.748046875, 28438.1875, 28537.94140625, 28603.318359375, 28192.544921875, 28224.896484375, 28290.36328125, 28456.537109375, 28465.34375, 28437.126953125, 28479.744140625, 28470.55859375, 28494.322265625, 28422.099609375, 28274.91015625, 28151.48046875, 28424.89453125]
