num_layers >>> 5

hidden_dim >>> 128

heads >>> 8

instance_size >>> 100

problem >>> OP

dataset_size >>> 25000

batch_size >>> 50

epochs >>> 400

num_datasets >>> 40

task >>> RL

lr >>> 0.0001

scale_weights >>> True

data_distribution >>> XASY

final_node_layer >>> False

nodeless >>> False

augmentation_factor >>> 8

matnet >>> False

device >>> cuda

timestamp >>> 20250422_155719_385161

criterion >>> None

asymmetric >>> True


Validation loss:[11197.38671875, 13473.4404296875, 13865.4013671875, 16105.9560546875, 16160.8056640625, 16031.1826171875, 14911.8310546875, 16348.69921875, 18220.9140625, 16522.35546875, 16434.708984375, 18466.033203125, 17939.58984375, 16989.109375, 17242.30859375, 18874.234375, 18687.7578125, 17632.1953125, 18132.24609375, 17626.97265625, 17645.255859375, 18253.595703125, 19432.732421875, 18057.8828125, 18166.56640625, 18623.9765625, 18539.11328125, 17365.447265625, 18628.837890625, 19111.671875, 19129.431640625, 18228.185546875, 18699.634765625, 18106.814453125, 19245.681640625, 19583.353515625, 18912.916015625, 18856.8125, 18698.2109375, 18106.12890625, 19016.822265625, 19973.76953125, 19315.4921875, 18700.54296875, 18729.880859375, 19082.76953125, 19270.76953125, 19075.7265625, 19642.326171875, 18732.02734375, 18977.416015625, 19859.345703125, 19720.9375, 19800.767578125, 19627.06640625, 18448.640625, 19628.55859375, 19472.345703125, 19565.28515625, 19488.455078125, 20127.005859375, 19900.13671875, 18449.2265625, 19383.294921875, 20209.6640625, 20478.416015625, 19803.576171875, 18994.19140625, 19470.537109375, 19594.94921875, 18651.873046875, 19592.646484375, 19935.912109375, 19474.578125, 19240.14453125, 19450.40625, 19535.953125, 19222.4921875, 20147.4375, 20284.7890625, 19679.3359375, 19590.998046875, 20102.607421875, 20090.8125, 19876.04296875, 19665.578125, 19160.466796875, 19329.361328125, 19767.517578125, 20058.09375, 19887.66015625, 19558.7421875, 20172.509765625, 19963.638671875, 20637.13671875, 19528.96875, 19726.96484375, 19724.775390625, 19808.1796875, 20195.283203125, 20504.099609375, 20324.68359375, 20160.396484375, 20145.439453125, 20157.31640625, 19057.783203125, 19902.1640625, 19363.083984375, 19906.544921875, 20149.85546875, 20144.359375, 19897.732421875, 19984.373046875, 19385.0625, 20319.919921875, 19897.986328125, 20334.005859375, 18927.015625, 20003.208984375, 20446.62109375, 19893.6953125, 19876.7734375, 20113.107421875, 20063.7890625, 19879.275390625, 19576.28125, 19083.84765625, 19935.55078125, 18996.203125, 19955.142578125, 19084.32421875, 20208.412109375, 19927.869140625, 20188.94921875, 20289.32421875, 19705.876953125, 19996.857421875, 20612.162109375, 20522.64453125, 19964.52734375, 20372.41796875, 20694.38671875, 20149.55078125, 19828.53515625, 19573.96875, 19847.71484375, 20037.359375, 20169.548828125, 19309.041015625, 19111.3984375, 19722.09765625, 20790.0546875, 19221.96875, 20086.05078125, 20355.6484375, 20072.841796875, 20027.712890625, 19951.490234375, 20255.515625, 19882.384765625, 19644.8515625, 19838.248046875, 19065.609375, 19134.69140625, 19866.28125, 19742.583984375, 19951.423828125, 20337.57421875, 20133.337890625, 20243.357421875, 20387.4765625, 19486.43359375, 19935.53125, 20768.833984375, 19420.595703125, 19334.9765625, 19651.0625, 20293.537109375, 19895.119140625, 19276.21484375, 20105.779296875, 19932.89453125, 19619.916015625, 19386.474609375, 20377.203125, 20010.23828125, 19487.25390625, 19695.650390625, 19970.263671875, 20046.62890625, 19882.021484375, 19669.70703125, 20528.564453125, 19574.94921875, 20396.55859375, 20071.474609375, 20792.40625, 20378.76953125, 21217.765625, 19697.400390625, 20342.138671875, 19573.123046875, 20151.955078125, 20317.283203125, 19239.947265625, 19414.984375, 20689.4375, 20154.1171875, 20040.0, 20004.685546875, 19968.732421875, 20172.32421875, 19944.650390625, 20348.572265625, 19867.041015625, 20251.03515625, 19899.021484375, 20222.74609375, 20177.849609375, 19788.384765625, 20619.625, 19744.19921875, 19859.833984375, 20201.009765625, 20491.84765625, 20647.708984375, 20503.767578125, 20116.705078125, 19950.458984375, 20326.3515625, 19955.03125, 21116.193359375, 19962.298828125, 20444.025390625, 20168.53125, 19981.234375, 20543.298828125, 19937.1484375, 20534.72265625, 20639.490234375, 20289.94921875, 20279.154296875, 19854.62109375, 19973.990234375, 20382.931640625, 19932.65234375, 20080.791015625, 19990.951171875, 20474.125, 19805.91015625, 19724.865234375, 20177.345703125, 19912.685546875, 19858.283203125, 20453.033203125, 20007.95703125, 19467.072265625, 20414.32421875, 20711.54296875, 20138.95703125, 19599.119140625, 20399.091796875, 19753.28515625, 20252.720703125, 20533.60546875, 20083.2734375, 20292.052734375, 19599.724609375, 20555.458984375, 20308.234375, 20213.078125, 20026.19921875, 19714.091796875, 20693.0703125, 20426.048828125, 19970.3671875, 20161.046875, 20229.419921875, 20930.3671875, 20312.373046875, 20494.634765625, 20866.841796875, 20229.54296875, 20372.94140625, 20019.23828125, 19353.318359375, 20238.005859375, 20136.279296875, 20693.607421875, 20278.587890625, 19995.12109375, 20132.208984375, 20272.55859375, 19513.736328125, 19778.677734375, 20139.296875, 20251.927734375, 20593.18359375, 20324.685546875, 20602.576171875, 20542.05859375, 20510.091796875, 20505.791015625, 20282.609375, 20573.40625, 20318.634765625, 20424.1171875, 20603.70703125, 20158.037109375, 20549.0078125, 20391.810546875, 20323.79296875, 20029.30859375, 20191.365234375, 20200.353515625, 20181.73828125, 20101.3359375, 20183.5078125, 19832.380859375, 20676.19921875, 20320.107421875, 20453.560546875, 20983.1328125, 20737.673828125, 20662.20703125, 20587.943359375, 20258.712890625, 20258.8828125, 19987.01953125, 20131.974609375, 20373.283203125, 20079.021484375, 20295.466796875, 20361.71875, 20232.87890625, 20452.3984375, 20164.8203125, 20173.994140625, 20037.31640625, 20368.337890625, 20435.8125, 20278.11328125, 20509.634765625, 20394.888671875, 20225.3203125, 20658.1171875, 20460.4765625, 20438.5078125, 20631.33984375, 20253.5, 19867.548828125, 20930.734375, 19974.861328125, 20234.208984375, 20216.63671875, 20308.119140625, 20338.1171875, 20167.28515625, 20239.765625, 20759.3984375, 20814.92578125, 20349.306640625, 20566.25390625, 20776.40625, 20733.47265625, 20520.888671875, 20009.876953125, 20672.90625, 20596.9609375, 20347.794921875, 20160.064453125, 19993.2109375, 20348.28515625, 20364.556640625, 20770.162109375, 20439.509765625, 20158.431640625, 20728.017578125, 20287.29296875, 19990.412109375, 20571.818359375, 20097.466796875, 20037.470703125, 20105.869140625, 20342.685546875, 20111.53515625, 20121.22265625, 20539.228515625, 20578.419921875, 20322.322265625, 20149.763671875, 20752.24609375, 19958.158203125, 20550.388671875, 19917.90625, 20056.55078125, 20017.76171875, 20546.466796875, 20236.935546875, 20035.494140625]
