num_layers >>> 5

hidden_dim >>> 128

heads >>> 8

instance_size >>> 100

problem >>> OP

dataset_size >>> 25000

batch_size >>> 50

epochs >>> 400

num_datasets >>> 40

task >>> RL

lr >>> 0.0001

scale_weights >>> True

data_distribution >>> TMAT

final_node_layer >>> False

nodeless >>> True

augmentation_factor >>> 8

device >>> cuda

timestamp >>> 20250411_165313_450172

criterion >>> None

asymmetric >>> True


Validation loss:[31512.28515625, 31608.935546875, 31889.005859375, 31841.77734375, 31966.734375, 32128.908203125, 32006.0625, 32149.833984375, 32195.009765625, 32233.9296875, 32249.015625, 32308.05078125, 32359.328125, 32308.80078125, 32361.376953125, 32440.365234375, 32488.97265625, 32408.12890625, 32470.55859375, 32438.720703125, 32457.8046875, 32467.330078125, 32508.90234375, 32512.611328125, 32526.849609375, 32540.10546875, 32508.099609375, 32549.2109375, 32603.9296875, 32515.04296875, 32608.49609375, 32488.921875, 32565.224609375, 32578.498046875, 32612.28125, 32567.671875, 32560.869140625, 32653.513671875, 32486.884765625, 32645.54296875, 32642.08984375, 32555.400390625, 32641.99609375, 32645.33203125, 32600.919921875, 32692.326171875, 32686.234375, 32683.923828125, 32653.611328125, 32701.40625, 32702.447265625, 32636.96484375, 32658.2890625, 32715.9296875, 32685.44140625, 32703.060546875, 32728.587890625, 32700.03125, 32706.685546875, 32697.3671875, 32792.6640625, 32762.603515625, 32735.1015625, 32678.255859375, 32753.580078125, 32749.484375, 32599.00390625, 32717.283203125, 32806.76171875, 32806.609375, 32762.521484375, 32704.330078125, 32818.52734375, 32785.6171875, 32777.6484375, 32779.33984375, 32788.84375, 32738.5234375, 32797.4765625, 32770.578125, 32740.955078125, 32766.318359375, 32742.28125, 32795.21484375, 32767.01953125, 32830.97265625, 32819.9296875, 32829.26171875, 32826.85546875, 32763.138671875, 32763.068359375, 32824.7578125, 32840.56640625, 32780.0546875, 32798.390625, 32792.65625, 32786.17578125, 32760.248046875, 32827.53515625, 32738.7265625, 32839.43359375, 32839.51953125, 32825.1171875, 32842.26953125, 32790.08203125, 32807.4140625, 32830.3515625, 32767.5390625, 32882.80078125, 32871.5625, 32878.76171875, 32842.6640625, 32837.13671875, 32827.10546875, 32870.71484375, 32821.3125, 32848.66015625, 32821.23828125, 32824.07421875, 32857.81640625, 32738.212890625, 32892.43359375, 32847.421875, 32891.51953125, 32831.7265625, 32873.51953125, 32860.51171875, 32862.27734375, 32850.93359375, 32898.5078125, 32799.55859375, 32808.91796875, 32788.21484375, 32869.640625, 32834.76953125, 32829.5859375, 32877.26953125, 32867.875, 32912.81640625, 32891.890625, 32867.90625, 32837.55078125, 32866.2890625, 32906.31640625, 32828.7578125, 32872.21484375, 32857.78515625, 32888.9375, 32748.94921875, 32890.51953125, 32916.34375, 32846.66796875, 32818.93359375, 32863.0859375, 32924.875, 32904.59765625, 32910.0859375, 32901.3984375, 32935.03125, 32864.59375, 32859.109375, 32837.0234375, 32895.12109375, 32927.74609375, 32816.1484375, 32875.65234375, 32880.421875, 32935.23828125, 32915.48828125, 32868.8984375, 32901.46484375, 32907.46484375, 32878.91796875, 32874.37890625, 32851.73046875, 32900.3671875, 32879.5390625, 32910.77734375, 32900.5078125, 32916.37109375, 32872.234375, 32877.35546875, 32900.44921875, 32882.88671875, 32916.48046875, 32925.796875, 32877.78125, 32822.9609375, 32939.65625, 32925.87890625, 32909.60546875, 32907.5703125, 32941.12890625, 32903.93359375, 32920.69921875, 32975.12109375, 32926.91796875, 32960.7734375, 32940.7578125, 32929.7265625, 32924.01953125, 32873.62109375, 32883.1640625, 32965.41015625, 32789.234375, 32899.60546875, 32915.484375, 32962.67578125, 32918.50390625, 32862.3984375, 32892.7421875, 32957.640625, 32883.875, 32923.421875, 32913.4453125, 32932.70703125, 32914.26171875, 32911.8671875, 32903.984375, 32945.74609375, 32903.4140625, 32949.8046875, 32891.06640625, 32940.03515625, 32962.20703125, 32934.01953125, 32926.94140625, 32925.734375, 32928.3515625, 32944.2421875, 32958.39453125, 32948.6640625, 32884.5, 32930.73828125, 32952.12890625, 32935.8125, 32966.94140625, 32960.55078125, 32893.671875, 32977.96484375, 32971.12890625, 32859.078125, 32935.8203125, 32952.3515625, 32968.52734375, 32917.62890625, 32964.046875, 32975.87109375, 32907.62109375, 32936.12890625, 32940.36328125, 32922.796875, 32924.91796875, 32932.73828125, 32907.58203125, 32969.27734375, 32988.26953125, 32847.859375, 32995.296875, 32958.44921875, 32967.47265625, 32942.07421875, 32913.375, 33012.359375, 32986.28515625, 33003.25390625, 32938.4453125, 32890.80859375, 32970.1796875, 32967.98046875, 32922.15234375, 32962.265625, 32970.50390625, 32967.41015625, 32963.98828125, 32923.9609375, 32943.0625, 32996.39453125, 32961.2734375, 32975.6796875, 32987.01953125, 32915.22265625, 32937.87890625, 32901.6953125, 33001.0, 32764.6328125, 32976.11328125, 32983.6328125, 32939.390625, 32850.12109375, 32940.90625, 32910.7890625, 32943.1640625, 32935.796875, 32952.6953125, 32986.66015625, 32955.171875, 32966.13671875, 32923.8984375, 32960.41015625, 32995.52734375, 32957.046875, 32970.9765625, 33004.01171875, 32977.3984375, 32910.22265625, 32961.24609375, 32969.79296875, 33013.72265625, 32986.44140625, 32973.48828125, 32974.0859375, 33015.94921875, 33006.9765625, 33019.484375, 32954.078125, 32972.16796875, 32995.86328125, 32975.515625, 32973.23828125, 32920.7265625, 32937.921875, 32958.9609375, 32988.6015625, 32954.43359375, 32971.1875, 32976.28515625, 32968.6640625, 32929.375, 33025.265625, 32992.94921875, 32965.25, 32975.4609375, 32983.08984375, 32958.453125, 32925.63671875, 32985.59375, 32994.2578125, 33004.76953125, 32996.1015625, 32978.78125, 32981.8671875, 32902.09375, 32956.0703125, 32940.0625, 32996.19140625, 32972.26953125, 32994.7890625, 32937.265625, 32981.81640625, 32976.1640625, 32966.15625, 33002.1875, 32968.0859375, 33011.18359375, 32961.484375, 33020.94921875, 33016.6484375, 32964.6640625, 32997.0234375, 33003.75, 32985.375, 32988.19921875, 33001.63671875, 33023.16015625, 33001.6171875, 32961.02734375, 33010.77734375, 33000.88671875, 33011.66796875, 32947.0390625, 32963.84765625, 33060.40625, 33011.60546875, 33040.22265625, 33031.43359375, 32970.26171875, 33015.01953125, 32970.40234375, 33067.71484375, 33037.9453125, 33055.4765625, 32947.2109375, 33001.6875, 32967.984375, 32927.6875, 32998.99609375, 32951.1953125, 32982.8125, 33045.9296875, 32966.75390625, 33017.9375, 33034.921875, 33014.42578125, 33021.765625, 33036.70703125, 33021.76171875, 33026.66015625, 33006.0390625, 33042.61328125]
