num_layers >>> 5

hidden_dim >>> 128

heads >>> 8

instance_size >>> 100

problem >>> OP

dataset_size >>> 25000

batch_size >>> 50

epochs >>> 400

num_datasets >>> 40

task >>> RL

lr >>> 0.0001

scale_weights >>> True

data_distribution >>> EUC

final_node_layer >>> False

nodeless >>> True

augmentation_factor >>> 8

matnet >>> False

device >>> cuda

timestamp >>> 20250506_091812_4049587

pointerformer >>> False

criterion >>> None

asymmetric >>> True


Validation loss:[30189.990234375, 30418.591796875, 30719.544921875, 31032.220703125, 31147.615234375, 31129.5078125, 30927.9609375, 31318.94140625, 31358.4453125, 31189.384765625, 31336.58203125, 31473.7109375, 31689.970703125, 31549.05859375, 31739.51953125, 31497.283203125, 31770.724609375, 31647.328125, 31634.052734375, 31753.734375, 31701.646484375, 31891.408203125, 31875.345703125, 31928.283203125, 31754.07421875, 31952.857421875, 31792.513671875, 32058.306640625, 32002.66796875, 32032.111328125, 31893.48828125, 31988.529296875, 31973.529296875, 31940.673828125, 31860.501953125, 32055.9140625, 31973.34765625, 31952.775390625, 32013.197265625, 32117.7734375, 31962.53515625, 32077.4296875, 32064.69921875, 32201.353515625, 31962.328125, 31912.51171875, 32231.494140625, 32088.0703125, 32186.638671875, 32021.623046875, 32292.099609375, 32156.2265625, 32175.248046875, 32218.1875, 32028.099609375, 32131.732421875, 32209.681640625, 31978.62890625, 32233.392578125, 32087.30859375, 32272.541015625, 32239.853515625, 32184.69140625, 32192.505859375, 32317.271484375, 32296.2421875, 32061.15625, 32203.912109375, 32175.5703125, 32341.802734375, 32201.6484375, 32266.83203125, 32180.0859375, 32332.4375, 32221.849609375, 32381.001953125, 32385.806640625, 32220.42578125, 32325.8359375, 32362.986328125, 32379.0390625, 32221.76953125, 32291.04296875, 32307.904296875, 32299.296875, 32315.623046875, 32273.388671875, 32399.49609375, 32378.650390625, 32393.52734375, 32286.0234375, 32426.552734375, 32435.119140625, 32108.388671875, 32261.76171875, 32257.298828125, 32362.9765625, 32390.466796875, 32374.10546875, 32391.115234375, 32258.82421875, 32476.41796875, 32404.8359375, 32390.607421875, 32310.96875, 32293.66796875, 32423.2265625, 32383.591796875, 32369.9453125, 32511.208984375, 32455.701171875, 32487.34375, 32453.765625, 32415.083984375, 32412.421875, 32492.83203125, 32421.8984375, 32228.224609375, 32481.6484375, 32515.806640625, 32305.400390625, 32532.734375, 32191.603515625, 32464.849609375, 32440.484375, 32311.32421875, 32433.0859375, 32293.501953125, 32467.044921875, 32458.458984375, 32341.734375, 32358.384765625, 32052.732421875, 32555.150390625, 32373.4375, 32409.73828125, 32495.09375, 32403.7109375, 32451.64453125, 32429.294921875, 32487.427734375, 32214.173828125, 32315.00390625, 32406.908203125, 32391.9921875, 32519.953125, 32480.2265625, 32599.578125, 32375.2265625, 32550.73046875, 32492.2265625, 32555.328125, 32423.94921875, 32557.259765625, 32553.228515625, 32465.240234375, 32482.337890625, 32506.76171875, 32390.53125, 32540.30078125, 32429.744140625, 32414.970703125, 32473.236328125, 32541.287109375, 32377.123046875, 32451.234375, 32456.115234375, 32606.072265625, 32521.296875, 32508.70703125, 32510.64453125, 32513.775390625, 32598.3828125, 32563.91796875, 32461.025390625, 32618.587890625, 32378.025390625, 32535.029296875, 32453.1953125, 32338.92578125, 32412.978515625, 32509.26171875, 32523.98828125, 32423.193359375, 32577.38671875, 32521.587890625, 32448.84765625, 32496.453125, 32629.708984375, 32499.14453125, 32356.41796875, 32317.69140625, 32535.841796875, 32382.265625, 32562.2265625, 32567.3515625, 32550.548828125, 32530.68359375, 32701.3515625, 32547.876953125, 32576.98046875, 32457.662109375, 32569.70703125, 32556.626953125, 32449.41796875, 32503.939453125, 32603.35546875, 32597.97265625, 32531.779296875, 32500.953125, 32313.703125, 32661.080078125, 32609.36328125, 32584.306640625, 32580.5703125, 32653.025390625, 32668.318359375, 32548.470703125, 32608.6484375, 32543.94921875, 32534.08203125, 32514.296875, 32407.869140625, 32533.208984375, 32487.033203125, 32588.0625, 32590.05859375, 32674.0859375, 32480.58984375, 32601.423828125, 32612.9921875, 32541.587890625, 32300.96875, 32609.5859375, 32535.8359375, 32670.517578125, 32587.265625, 32701.283203125, 32607.119140625, 32557.681640625, 32648.546875, 32556.6953125, 32679.66015625, 32604.341796875, 32681.919921875, 32601.466796875, 32546.142578125, 32696.38671875, 32544.08984375, 32594.6015625, 32541.2578125, 32647.876953125, 32517.484375, 32640.193359375, 32465.38671875, 32625.541015625, 32556.91796875, 32516.484375, 32710.728515625, 32698.626953125, 32629.2109375, 32492.15234375, 32537.7265625, 32720.85546875, 32641.841796875, 32697.78125, 32586.103515625, 32557.623046875, 32710.77734375, 32571.12890625, 32686.22265625, 32724.03125, 32673.17578125, 32664.009765625, 32675.39453125, 32664.646484375, 32607.400390625, 32689.36328125, 32762.017578125, 32709.80859375, 32646.626953125, 32691.841796875, 32686.48046875, 32553.69140625, 32613.49609375, 32557.984375, 32546.91015625, 32668.99609375, 32545.595703125, 32615.779296875, 32673.97265625, 32569.037109375, 32560.974609375, 32678.4375, 32691.970703125, 32650.8828125, 32623.931640625, 32584.890625, 32575.32421875, 32626.30078125, 32636.4375, 32679.71875, 32534.5859375, 32654.443359375, 32777.73828125, 32669.107421875, 32497.599609375, 32640.4453125, 32745.310546875, 32712.505859375, 32671.828125, 32764.41796875, 32746.05078125, 32766.328125, 32757.396484375, 32682.96484375, 32690.44921875, 32736.23046875, 32671.412109375, 32644.240234375, 32719.90234375, 32526.61328125, 32665.072265625, 32682.505859375, 32717.482421875, 32649.025390625, 32711.048828125, 32676.259765625, 32666.248046875, 32624.04296875, 32709.88671875, 32647.087890625, 32608.087890625, 32677.765625, 32669.484375, 32578.833984375, 32684.0234375, 32574.650390625, 32661.005859375, 32780.48046875, 32544.302734375, 32761.470703125, 32691.1640625, 32709.5703125, 32666.6171875, 32723.724609375, 32715.521484375, 32668.630859375, 32778.59375, 32687.0, 32601.994140625, 32604.84375, 32705.697265625, 32762.451171875, 32788.94140625, 32639.45703125, 32699.15234375, 32779.62109375, 32744.82421875, 32741.353515625, 32704.96875, 32692.994140625, 32724.189453125, 32743.623046875, 32702.6796875, 32813.95703125, 32718.91015625, 32773.76171875, 32641.373046875, 32717.466796875, 32732.546875, 32715.921875, 32781.98046875, 32719.4140625, 32749.09765625, 32719.279296875, 32653.744140625, 32733.056640625, 32757.837890625, 32708.8125, 32802.26171875, 32741.59765625, 32754.623046875, 32728.40625, 32728.857421875, 32734.814453125, 32688.849609375, 32714.8203125, 32785.59765625, 32736.966796875, 32564.421875, 32679.255859375, 32722.763671875, 32761.291015625, 32756.416015625, 32824.8359375, 32793.640625, 32772.82421875, 32748.453125, 32796.7890625]
