num_layers >>> 5

hidden_dim >>> 128

heads >>> 8

instance_size >>> 100

problem >>> OP

dataset_size >>> 25000

batch_size >>> 50

epochs >>> 400

num_datasets >>> 40

task >>> RL

lr >>> 0.0001

scale_weights >>> True

data_distribution >>> EUC

final_node_layer >>> False

nodeless >>> False

augmentation_factor >>> 8

matnet >>> False

device >>> cuda

timestamp >>> 20250507_091013_1714196

pointerformer >>> False

criterion >>> None

asymmetric >>> True


Validation loss:[30400.171875, 30412.666015625, 30653.919921875, 31029.8984375, 31136.6953125, 31436.359375, 31459.419921875, 31445.099609375, 31570.40625, 31743.34765625, 31688.86328125, 31909.986328125, 31962.421875, 31901.94140625, 31891.615234375, 32042.6953125, 32018.3203125, 32071.90234375, 32064.662109375, 32156.052734375, 32101.810546875, 32126.29296875, 32242.560546875, 32250.8984375, 32197.80078125, 32277.873046875, 32260.216796875, 32232.98046875, 32353.623046875, 32284.92578125, 32281.544921875, 32275.4921875, 32282.341796875, 32315.400390625, 32407.064453125, 32361.732421875, 32373.10546875, 32323.939453125, 32316.640625, 32382.83203125, 32370.041015625, 32414.669921875, 32385.482421875, 32461.26953125, 32452.9453125, 32471.265625, 32466.52734375, 32489.49609375, 32466.56640625, 32455.025390625, 32537.486328125, 32425.302734375, 32468.216796875, 32402.0390625, 32442.08984375, 32584.630859375, 32589.185546875, 32536.515625, 32584.7421875, 32532.197265625, 32588.765625, 32568.55859375, 32628.89453125, 32501.275390625, 32643.427734375, 32614.599609375, 32507.95703125, 32519.353515625, 32598.2734375, 32668.029296875, 32524.154296875, 32557.75, 32685.455078125, 32655.572265625, 32532.6015625, 32694.568359375, 32665.240234375, 32564.142578125, 32648.08984375, 32703.111328125, 32662.501953125, 32680.4296875, 32688.51171875, 32733.724609375, 32706.333984375, 32663.2578125, 32719.53515625, 32735.33203125, 32709.107421875, 32657.6484375, 32659.41015625, 32742.359375, 32684.091796875, 32606.71875, 32624.708984375, 32673.77734375, 32716.939453125, 32740.302734375, 32762.271484375, 32703.908203125, 32709.79296875, 32686.138671875, 32735.40234375, 32756.876953125, 32719.927734375, 32727.58984375, 32708.849609375, 32716.7890625, 32788.8046875, 32770.7890625, 32755.54296875, 32807.05078125, 32737.404296875, 32695.064453125, 32741.583984375, 32762.150390625, 32692.447265625, 32781.21484375, 32768.9375, 32766.400390625, 32816.94921875, 32751.9140625, 32764.66015625, 32765.0546875, 32752.8671875, 32783.80078125, 32809.69921875, 32746.857421875, 32724.765625, 32713.25, 32836.06640625, 32751.865234375, 32779.5703125, 32799.75, 32787.39453125, 32836.1796875, 32774.90625, 32783.75390625, 32845.453125, 32806.93359375, 32826.30078125, 32716.07421875, 32783.88671875, 32853.03515625, 32833.24609375, 32860.5234375, 32850.796875, 32760.3046875, 32779.34765625, 32748.478515625, 32806.38671875, 32872.7265625, 32785.125, 32792.16015625, 32835.69921875, 32795.92578125, 32854.54296875, 32772.93359375, 32891.1953125, 32843.390625, 32828.2265625, 32818.86328125, 32781.640625, 32830.70703125, 32837.63671875, 32818.16796875, 32892.65625, 32814.79296875, 32865.9375, 32886.3671875, 32887.125, 32807.4453125, 32842.66796875, 32856.5625, 32802.171875, 32879.44140625, 32778.59765625, 32888.04296875, 32803.3671875, 32850.95703125, 32925.6484375, 32815.69140625, 32888.671875, 32890.375, 32829.7890625, 32845.70703125, 32844.1171875, 32800.18359375, 32874.7890625, 32900.06640625, 32951.1953125, 32864.18359375, 32872.02734375, 32874.8203125, 32810.2890625, 32843.75390625, 32870.13671875, 32795.046875, 32905.4765625, 32863.03515625, 32858.73046875, 32903.19140625, 32868.69921875, 32927.359375, 32816.96875, 32913.19140625, 32951.8125, 32867.046875, 32865.9296875, 32804.51171875, 32924.39453125, 32891.328125, 32893.375, 32889.96484375, 32907.375, 32939.76171875, 32870.2578125, 32921.16015625, 32854.7421875, 32855.0078125, 32872.20703125, 32895.875, 32876.46875, 32979.11328125, 32916.07421875, 32896.8046875, 32898.734375, 32896.2265625, 32942.3671875, 32942.08984375, 32893.47265625, 32994.92578125, 32907.921875, 32917.94921875, 32911.01953125, 32874.90625, 32916.71875, 32920.0546875, 32865.6015625, 32879.91015625, 32970.31640625, 32931.15234375, 32942.109375, 32886.125, 32939.8828125, 32940.2109375, 32951.12890625, 32929.59375, 32882.31640625, 32920.390625, 32949.21875, 32934.3125, 32885.96484375, 32948.90234375, 32976.10546875, 32934.63671875, 32856.71484375, 32887.640625, 32974.06640625, 32885.5, 32935.140625, 32957.2265625, 32917.19140625, 32910.171875, 32945.9609375, 32966.12109375, 32959.7265625, 32951.58203125, 32886.0, 32959.00390625, 32965.85546875, 32927.1796875, 32965.35546875, 32940.703125, 32991.28125, 32915.75390625, 32915.34375, 32954.65234375, 32922.60546875, 32946.2109375, 32987.5, 32972.00390625, 32939.82421875, 32968.93359375, 32977.38671875, 32943.58203125, 32943.81640625, 32963.64453125, 32957.33203125, 32942.078125, 32944.92578125, 32909.3203125, 32952.41015625, 32917.796875, 32963.44921875, 32972.1328125, 32913.65625, 32848.16015625, 32964.58984375, 32953.80859375, 32999.51171875, 32913.3359375, 32971.68359375, 32977.26953125, 32979.17578125, 32966.71484375, 32958.55078125, 32976.640625, 32871.8046875, 32967.01171875, 32974.30859375, 32970.51953125, 32990.42578125, 32989.68359375, 33025.859375, 32938.6875, 32943.96875, 32909.53125, 32952.6171875, 33003.3359375, 32946.55859375, 32907.4296875, 32952.25, 32992.84375, 32899.0625, 33038.2109375, 32988.0859375, 33009.70703125, 32946.9375, 33015.71875, 33002.16796875, 32982.8671875, 32953.66796875, 32992.13671875, 32969.85546875, 32946.95703125, 33001.14453125, 32996.08203125, 32972.83203125, 32987.42578125, 33001.14453125, 32973.15625, 32963.58984375, 33018.29296875, 32872.14453125, 32993.4921875, 33033.51171875, 33009.15234375, 33031.0078125, 33016.828125, 32981.546875, 33002.77734375, 32998.7890625, 33013.71484375, 33021.515625, 33005.2109375, 33016.203125, 33021.71875, 32972.96484375, 32968.07421875, 32981.0859375, 33027.7890625, 33006.94921875, 33059.8359375, 33020.2109375, 33022.2734375, 33012.56640625, 33054.21875, 32989.015625, 33060.59765625, 32943.046875, 33000.0859375, 33020.703125, 32995.35546875, 33021.9375, 33069.01953125, 32976.03125, 33033.2421875, 33030.00390625, 33000.36328125, 32979.18359375, 33028.5625, 32998.08203125, 33004.71875, 33028.3828125, 33022.6484375, 33013.76953125, 33031.40625, 33016.53125, 32969.58984375, 32966.30859375, 32988.1640625, 33030.01171875, 33017.203125, 33033.28515625, 33049.8359375, 33045.58203125, 33005.83984375, 33024.8671875, 33039.18359375]
