num_layers >>> 5

hidden_dim >>> 128

heads >>> 8

instance_size >>> 100

problem >>> OP

dataset_size >>> 25000

batch_size >>> 50

epochs >>> 400

num_datasets >>> 40

task >>> RL

lr >>> 0.0001

scale_weights >>> True

data_distribution >>> XASY

final_node_layer >>> False

nodeless >>> True

augmentation_factor >>> 8

matnet >>> False

device >>> cuda

timestamp >>> 20250422_114629_2192545

criterion >>> None

asymmetric >>> True


Validation loss:[12403.1640625, 12753.7841796875, 13087.349609375, 13668.7861328125, 13622.87109375, 14572.6943359375, 14955.1015625, 14569.2099609375, 15097.056640625, 14953.0078125, 16213.5595703125, 15480.623046875, 15297.09765625, 16417.833984375, 16279.826171875, 15714.921875, 16490.099609375, 16998.009765625, 16420.55859375, 17614.044921875, 16972.716796875, 16143.8701171875, 16775.98828125, 16654.08203125, 17033.03515625, 16920.732421875, 17603.029296875, 17200.54296875, 17492.583984375, 17676.15234375, 16914.7109375, 17442.34765625, 16961.646484375, 18218.955078125, 18139.396484375, 17505.107421875, 17628.79296875, 17496.099609375, 17184.544921875, 18721.470703125, 18004.81640625, 18132.0859375, 18234.044921875, 17908.357421875, 17580.583984375, 18006.4921875, 18327.76171875, 18153.83984375, 18087.19921875, 18371.515625, 17628.17578125, 18313.322265625, 18626.6328125, 18529.966796875, 17472.130859375, 18491.232421875, 18536.833984375, 18297.845703125, 18818.390625, 18059.14453125, 18234.44921875, 19297.005859375, 19670.3984375, 18024.02734375, 18435.517578125, 18324.68359375, 18944.681640625, 19168.658203125, 18509.646484375, 18179.912109375, 18629.69140625, 18201.501953125, 18391.60546875, 19231.884765625, 19594.8203125, 18675.6875, 18436.02734375, 18663.56640625, 18848.580078125, 18901.876953125, 18683.787109375, 19261.708984375, 18418.10546875, 18429.00390625, 18781.029296875, 18943.376953125, 18720.076171875, 18851.01171875, 18753.044921875, 18715.794921875, 18981.849609375, 18614.494140625, 18804.685546875, 18272.314453125, 18793.869140625, 18245.458984375, 18810.296875, 18794.625, 18542.587890625, 18618.83203125, 19483.333984375, 18927.03515625, 19409.828125, 18674.134765625, 18760.212890625, 18669.474609375, 19008.626953125, 18941.53125, 18961.04296875, 18832.076171875, 19206.4140625, 19252.224609375, 19165.8828125, 19168.0625, 19104.435546875, 19484.94140625, 18489.0, 19201.80859375, 19724.884765625, 19125.279296875, 19088.880859375, 19536.744140625, 18771.029296875, 19661.953125, 18681.60546875, 18082.986328125, 18112.248046875, 19327.5234375, 19438.955078125, 19549.2578125, 19848.962890625, 18612.978515625, 18761.1953125, 19489.865234375, 19006.95703125, 19255.0859375, 19232.763671875, 19064.021484375, 19791.1484375, 20227.7421875, 19356.34375, 19018.744140625, 19672.890625, 19714.544921875, 19890.78125, 18953.56640625, 19347.197265625, 19597.25, 19605.033203125, 19442.427734375, 19097.859375, 19363.15625, 19346.95703125, 19233.44140625, 19295.375, 19008.751953125, 19452.259765625, 19153.205078125, 19591.08203125, 19443.7421875, 19203.361328125, 19355.255859375, 19241.640625, 19425.037109375, 19375.46875, 18939.166015625, 18761.427734375, 19957.560546875, 19139.841796875, 18744.458984375, 19182.56640625, 19851.935546875, 19257.912109375, 18981.0, 19144.5078125, 19769.595703125, 19216.216796875, 19514.32421875, 18331.9140625, 19434.892578125, 18553.71875, 19346.390625, 18755.013671875, 18956.802734375, 19656.30859375, 19243.7421875, 19405.294921875, 19361.294921875, 19909.65625, 19388.134765625, 19536.025390625, 19956.693359375, 19170.677734375, 19386.95703125, 20306.56640625, 19348.912109375, 19813.30078125, 19770.1328125, 20075.5859375, 20051.640625, 19787.626953125, 19537.943359375, 19665.689453125, 20156.892578125, 19304.4765625, 19340.37890625, 19828.4375, 19541.580078125, 19505.087890625, 19810.76953125, 19311.341796875, 20098.009765625, 19987.970703125, 19524.048828125, 19235.037109375, 19336.216796875, 19527.69140625, 19630.904296875, 19785.140625, 19719.666015625, 19238.861328125, 20132.21875, 19710.4453125, 19458.337890625, 19617.72265625, 19301.19140625, 19339.658203125, 19855.98828125, 19290.181640625, 19939.87109375, 19483.7890625, 19604.43359375, 19645.025390625, 19321.369140625, 19934.828125, 19794.876953125, 19507.359375, 19927.068359375, 19521.19921875, 19719.697265625, 19687.0703125, 19733.681640625, 19933.44921875, 19945.47265625, 20119.109375, 19810.796875, 19984.5390625, 19950.8828125, 20048.056640625, 18912.12890625, 19654.97265625, 19756.337890625, 19862.529296875, 19972.66015625, 19965.962890625, 19521.95703125, 20077.716796875, 19969.33203125, 19694.63671875, 20103.021484375, 19734.84375, 19396.787109375, 19609.494140625, 20028.44140625, 19542.076171875, 19844.390625, 20088.33203125, 19450.62890625, 20433.349609375, 19730.8046875, 19744.33984375, 20193.869140625, 19312.326171875, 20284.083984375, 19729.986328125, 19800.234375, 20173.349609375, 19376.556640625, 20329.3125, 20032.5, 19449.013671875, 20190.423828125, 20078.55859375, 19789.15234375, 20047.69921875, 19833.865234375, 20252.73046875, 19911.939453125, 20266.859375, 19784.537109375, 20437.90625, 19579.96875, 19472.0546875, 19206.6328125, 19312.736328125, 19798.908203125, 19777.234375, 19534.083984375, 19684.173828125, 20039.271484375, 19357.283203125, 19662.990234375, 20163.314453125, 19190.837890625, 20286.919921875, 20063.2734375, 20345.16015625, 19481.63671875, 19769.0, 20418.43359375, 19976.6796875, 19247.07421875, 19712.28125, 20153.8125, 20139.390625, 19346.205078125, 19802.63671875, 20440.8125, 19574.94140625, 19824.7578125, 20217.90625, 19464.537109375, 19505.46484375, 20047.943359375, 19912.734375, 18927.318359375, 20257.447265625, 20372.123046875, 20090.29296875, 20421.8671875, 19702.603515625, 20134.279296875, 20090.73046875, 19251.96484375, 19724.0546875, 19715.681640625, 20235.453125, 19729.619140625, 19830.490234375, 20108.828125, 20365.306640625, 19845.115234375, 19779.505859375, 19788.029296875, 20040.865234375, 19430.5625, 19813.169921875, 19529.962890625, 20119.271484375, 19688.396484375, 19836.5625, 20014.677734375, 20301.294921875, 20378.525390625, 19979.83984375, 20078.861328125, 19997.787109375, 19987.091796875, 19864.921875, 20119.908203125, 19486.572265625, 20035.18359375, 19414.654296875, 20475.71875, 19947.14453125, 20179.125, 20007.861328125, 19882.55859375, 19999.435546875, 19655.208984375, 19927.240234375, 20125.6640625, 19726.369140625, 19822.794921875, 19939.91796875, 19832.482421875, 19805.9296875, 20521.421875, 19426.298828125, 20288.365234375, 20080.48828125, 20340.611328125, 19966.73046875, 20052.310546875, 20207.1328125, 19694.958984375, 19987.25390625, 19985.52734375, 20321.998046875, 19500.09375, 19498.837890625, 20007.2890625, 20375.41796875, 20063.79296875, 20036.490234375, 20380.244140625, 20174.072265625, 19729.67578125, 20154.861328125, 20050.3515625]
