num_layers >>> 5

hidden_dim >>> 128

heads >>> 8

instance_size >>> 100

problem >>> OP

dataset_size >>> 25000

batch_size >>> 50

epochs >>> 400

num_datasets >>> 40

task >>> RL

lr >>> 0.0001

scale_weights >>> True

data_distribution >>> XASY

final_node_layer >>> False

nodeless >>> True

augmentation_factor >>> 8

matnet >>> True

device >>> cuda

timestamp >>> 20250515_102744_2557609

pointerformer >>> False

criterion >>> None

asymmetric >>> True


Validation loss:[7461.3349609375, 8240.6201171875, 8714.189453125, 8985.39453125, 9391.7763671875, 9540.0458984375, 9474.3642578125, 9048.4580078125, 8688.9580078125, 8769.7080078125, 9097.8369140625, 8857.3369140625, 8903.25, 8783.474609375, 9227.390625, 8980.3349609375, 9029.703125, 9287.1923828125, 9259.052734375, 9249.2158203125, 8981.181640625, 9206.7646484375, 9253.0234375, 9393.1611328125, 8911.552734375, 9124.5419921875, 9211.4716796875, 9226.591796875, 9353.0341796875, 9360.07421875, 9410.16015625, 9403.1708984375, 9199.60546875, 9126.7421875, 9217.775390625, 9361.7802734375, 9246.4892578125, 9419.9462890625, 9094.9990234375, 9298.5244140625, 9532.9453125, 9404.2607421875, 9042.20703125, 9414.43359375, 9287.56640625, 9908.080078125, 9109.310546875, 9454.8828125, 9533.5009765625, 9468.6181640625, 9408.1591796875, 9575.759765625, 9497.564453125, 9268.224609375, 9568.5986328125, 9538.6708984375, 9579.1728515625, 9397.7275390625, 9492.8271484375, 9508.169921875, 8862.638671875, 9388.423828125, 9581.08203125, 9237.216796875, 9516.0087890625, 9784.7275390625, 8910.927734375, 9517.40234375, 9508.0380859375, 9464.7802734375, 9128.0869140625, 9174.5263671875, 9141.7109375, 9324.693359375, 9290.212890625, 9234.5810546875, 8888.869140625, 9110.9375, 9232.44921875, 9070.537109375, 9167.40625, 9242.923828125, 9244.1357421875, 9490.716796875, 8737.03515625, 9148.5400390625, 8903.109375, 9189.96875, 9400.4833984375, 9427.318359375, 9281.0517578125, 8916.8857421875, 9330.7841796875, 8903.6650390625, 8992.232421875, 8911.2900390625, 9189.8583984375, 9152.0849609375, 9222.75390625, 9588.5966796875, 8789.9892578125, 8910.6640625, 9218.947265625, 8364.4052734375, 9075.6171875, 8853.224609375, 8775.83984375, 8778.515625, 8642.802734375, 9181.7587890625, 9210.47265625, 9157.9921875, 8688.515625, 8718.400390625, 8673.8603515625, 9180.130859375, 9191.140625, 8802.080078125, 9013.3505859375, 8938.8330078125, 8713.521484375, 8609.158203125, 8749.2763671875, 8441.8837890625, 9108.189453125, 8661.45703125, 8588.1923828125, 9227.5322265625, 8995.6357421875, 9149.8017578125, 9056.5693359375, 8419.7841796875, 8990.4033203125, 9051.408203125, 9178.46484375, 8790.01953125, 8635.9638671875, 8822.814453125, 9232.298828125, 9170.3857421875, 8814.0576171875, 9273.740234375, 9043.408203125, 8883.6669921875, 8711.107421875, 8891.685546875, 8499.36328125, 8867.2939453125, 9094.0908203125, 8891.4541015625, 8657.76171875, 8758.8212890625, 8435.5498046875, 8372.1728515625, 8624.318359375, 8424.5107421875, 9025.388671875, 8790.9189453125, 8423.13671875, 8708.685546875, 8680.919921875, 8496.1513671875, 8645.681640625, 8861.2451171875, 8802.482421875, 8642.7509765625, 9031.4794921875, 8774.345703125, 8579.455078125, 8967.8095703125, 8821.16796875, 8800.3818359375, 8927.2890625, 8733.0556640625, 8827.8232421875, 8981.728515625, 8754.5791015625, 9025.541015625, 8685.5556640625, 8783.4453125, 9034.06640625, 8871.830078125, 8928.33984375, 8749.1455078125, 9036.662109375, 9325.5009765625, 8539.1875, 8418.1572265625, 8680.6162109375, 8759.982421875, 9136.0146484375, 8686.29296875, 8830.5810546875, 8758.6083984375, 9104.7451171875, 9038.5400390625, 9015.3203125, 8619.814453125, 9387.1015625, 9118.6025390625, 9162.9521484375, 9414.896484375, 9381.7373046875, 9122.75390625, 9279.3837890625, 8844.408203125, 9173.1025390625, 8499.40234375, 9084.84765625, 9756.134765625, 9316.361328125, 9280.607421875, 9182.4951171875, 8946.9638671875, 8728.9560546875, 8865.154296875, 8622.5009765625, 8930.298828125, 9281.7392578125, 8856.033203125, 8632.509765625, 9039.51953125, 9016.9365234375, 9351.9736328125, 9324.177734375, 9391.5166015625, 9284.697265625, 9325.92578125, 9234.9853515625, 9189.203125, 9444.0263671875, 9601.212890625, 8958.033203125, 9318.482421875, 9624.9560546875, 9303.9384765625, 9509.08984375, 9168.5166015625, 9276.7177734375, 9452.4169921875, 9428.9853515625, 9002.2509765625, 9775.375, 9277.677734375, 9561.80078125, 9706.2109375, 9321.82421875, 9483.9921875, 9797.1318359375, 9819.1494140625, 9734.0576171875, 9648.4775390625, 9681.0712890625, 9767.931640625, 9840.5205078125, 9232.732421875, 9537.7236328125, 9925.3515625, 9553.6298828125, 9320.4208984375, 10074.921875, 10112.2919921875, 9899.1005859375, 10119.5625, 10079.5068359375, 9995.03125, 9993.919921875, 9754.509765625, 9908.4541015625, 9983.9306640625, 10040.6015625, 9973.7705078125, 10128.361328125, 9967.013671875, 9748.419921875, 10037.8037109375, 10165.4677734375, 9889.7080078125, 9910.341796875, 9704.16015625, 10146.509765625, 10595.9296875, 10413.0595703125, 10432.6748046875, 10302.302734375, 9778.3955078125, 10207.2314453125, 10263.0439453125, 10330.58203125, 10358.205078125, 10179.7490234375, 10481.8310546875, 10580.9208984375, 10256.873046875, 10295.9599609375, 10308.2216796875, 10430.8974609375, 10540.5615234375, 11014.7783203125, 10166.720703125, 10038.7021484375, 10221.814453125, 10889.5673828125, 10699.263671875, 10719.7568359375, 10726.8974609375, 10794.626953125, 10603.3818359375, 10643.6123046875, 10812.140625, 11038.6923828125, 10815.5244140625, 10761.4892578125, 10828.400390625, 11091.779296875, 10630.119140625, 10736.998046875, 10984.5068359375, 10658.5791015625, 11020.74609375, 10912.796875, 10868.328125, 11229.099609375, 11012.8974609375, 11323.7353515625, 10916.4423828125, 11197.32421875, 10964.86328125, 10937.9970703125, 10917.08984375, 10892.283203125, 11154.3193359375, 11214.63671875, 11243.2890625, 11392.22265625, 11075.296875, 10934.2099609375, 11222.908203125, 11581.427734375, 11405.0, 11273.6298828125, 11538.6025390625, 11694.1025390625, 11401.8076171875, 11731.6455078125, 11371.7119140625, 11819.8369140625, 11491.6484375, 11367.853515625, 11753.6435546875, 11603.9697265625, 11372.83984375, 11675.9541015625, 11613.919921875, 11697.58984375, 11195.447265625, 11745.68359375, 11937.361328125, 11697.3349609375, 11966.5712890625, 12179.5107421875, 11722.4833984375, 11668.0947265625, 11860.328125, 11687.2548828125, 12096.3544921875, 11797.677734375, 11904.8486328125, 12022.67578125, 11860.34765625, 11925.6455078125, 11684.7392578125, 11980.9013671875, 12015.80859375, 11822.5947265625, 11870.8525390625, 12011.787109375, 12156.0966796875, 12005.142578125, 12131.109375, 12174.31640625, 12308.9306640625, 12208.6884765625, 12266.5, 12125.8271484375, 12306.3857421875, 11795.1826171875, 12302.5361328125, 12081.265625, 12312.4755859375, 12009.162109375, 12065.650390625, 12491.1943359375, 12013.9501953125, 11882.2744140625, 11803.728515625, 12268.216796875, 12043.380859375, 12205.8291015625, 12533.1103515625]
