num_layers >>> 5

hidden_dim >>> 128

heads >>> 8

instance_size >>> 100

problem >>> OP

dataset_size >>> 25000

batch_size >>> 50

epochs >>> 400

num_datasets >>> 40

task >>> RL

lr >>> 0.0001

scale_weights >>> True

data_distribution >>> TMAT

final_node_layer >>> False

nodeless >>> False

augmentation_factor >>> 8

matnet >>> False

device >>> cuda

timestamp >>> 20250501_233046_339674

criterion >>> None

asymmetric >>> True


Validation loss:[31319.54296875, 31922.220703125, 32153.884765625, 32241.154296875, 32314.3828125, 32465.34765625, 32470.783203125, 32534.494140625, 32582.720703125, 32589.244140625, 32502.94140625, 32604.544921875, 32751.2578125, 32627.9375, 32702.341796875, 32682.458984375, 32757.84375, 32716.224609375, 32661.671875, 32782.6015625, 32756.20703125, 32734.3125, 32756.71484375, 32739.00390625, 32775.16796875, 32850.828125, 32878.79296875, 32824.33203125, 32818.546875, 32846.9375, 32837.4765625, 32810.72265625, 32822.63671875, 32812.5546875, 32848.98046875, 32781.69921875, 32827.140625, 32859.78515625, 32880.80078125, 32875.5390625, 32932.296875, 32893.640625, 32940.90625, 32885.4375, 32925.625, 32941.03125, 32900.66796875, 32949.4765625, 32904.98046875, 32934.38671875, 32952.66015625, 32891.8515625, 32975.078125, 32949.16015625, 32943.29296875, 32975.27734375, 32973.578125, 33022.1328125, 32942.19921875, 32971.296875, 33041.47265625, 32996.14453125, 33015.53515625, 32925.0546875, 32964.8984375, 33030.375, 32967.53125, 33006.0546875, 33029.1953125, 33018.41015625, 32992.31640625, 32968.4140625, 33001.3984375, 33029.19140625, 32954.140625, 33034.9375, 33041.16796875, 33006.6953125, 33046.859375, 33066.3203125, 33022.828125, 33030.30859375, 33055.2890625, 33053.62109375, 33027.78125, 33079.42578125, 33049.42578125, 33075.14453125, 33065.46875, 33071.0390625, 33055.71484375, 33078.65625, 33077.59765625, 33053.0, 33055.94140625, 33071.88671875, 33043.1796875, 33048.296875, 33077.33984375, 33060.59375, 33076.41015625, 33109.6796875, 33075.93359375, 33058.33984375, 33022.76953125, 33071.4921875, 33044.765625, 33080.40234375, 33083.1328125, 33112.0, 33093.08203125, 33107.8125, 33073.51953125, 33097.0, 33125.515625, 33074.875, 33102.2265625, 33068.359375, 33106.75, 33091.56640625, 33111.8046875, 33126.5859375, 33065.42578125, 33121.484375, 33038.375, 33103.8984375, 33092.34765625, 33091.22265625, 33151.89453125, 33134.25, 33109.65234375, 33104.82421875, 33112.265625, 33165.77734375, 33119.37109375, 33133.01171875, 33123.125, 33113.890625, 33126.6171875, 33157.25, 33112.7109375, 33059.87109375, 33097.58203125, 33147.4609375, 33135.21875, 33125.22265625, 33129.890625, 33133.91015625, 33016.4453125, 33145.48828125, 33121.91796875, 33092.21875, 33073.703125, 33145.48046875, 33163.48828125, 33169.45703125, 33130.2421875, 33157.86328125, 33151.3515625, 33143.9453125, 33112.578125, 33125.25, 33132.40234375, 33165.69140625, 33145.0703125, 33137.20703125, 33126.68359375, 33162.81640625, 33158.54296875, 33126.46484375, 33150.81640625, 33145.76171875, 33145.58203125, 33169.53125, 33126.7734375, 33178.1875, 33110.58203125, 33166.703125, 33144.34375, 33155.03515625, 33161.79296875, 33143.8046875, 33138.84765625, 33127.12890625, 33174.671875, 33179.390625, 33127.67578125, 33110.1640625, 33172.93359375, 33161.35546875, 33184.390625, 33155.96484375, 33163.875, 33160.359375, 33186.47265625, 33137.20703125, 33198.26953125, 33167.0703125, 33212.1328125, 33163.44140625, 33152.4140625, 33140.6875, 33128.2109375, 33202.8984375, 33102.3671875, 33151.6796875, 33164.16796875, 33151.70703125, 33147.84375, 33160.0, 33146.71875, 33202.1328125, 33140.39453125, 33216.109375, 33171.6640625, 33188.77734375, 33170.1328125, 33167.7109375, 33161.64453125, 33160.109375, 33182.2109375, 33161.0546875, 33163.125, 33191.0546875, 33172.21484375, 33145.9453125, 33168.0859375, 33150.43359375, 33167.73046875, 33195.33203125, 33192.1484375, 33184.41796875, 33132.74609375, 33164.80078125, 33167.484375, 33165.75, 33173.5078125, 33179.5, 33095.40234375, 33182.58203125, 33183.12890625, 33172.59765625, 33190.66015625, 33191.69140625, 33208.17578125, 33188.2109375, 33187.75390625, 33205.29296875, 33134.30078125, 33161.84765625, 33178.35546875, 33152.078125, 33184.28125, 33189.80078125, 33195.34375, 33169.421875, 33150.859375, 33159.7109375, 33220.84765625, 33186.1953125, 33167.625, 33232.734375, 33111.0, 33222.5078125, 33203.06640625, 33241.14453125, 33203.328125, 33175.6171875, 33215.59765625, 33184.671875, 33220.32421875, 33209.89453125, 33188.33984375, 33196.49609375, 33211.234375, 33184.1171875, 33216.17578125, 33204.58203125, 33218.67578125, 33222.609375, 33198.8828125, 33202.3046875, 33195.7265625, 33209.9765625, 33228.5625, 33144.19921875, 33199.94921875, 33196.66796875, 33211.3203125, 33169.3984375, 33202.73828125, 33201.4609375, 33224.96875, 33197.484375, 33226.76953125, 33222.9296875, 33224.8515625, 33208.45703125, 33176.01171875, 33219.265625, 33218.7265625, 33185.3671875, 33188.96484375, 33205.71875, 33215.19140625, 33209.92578125, 33156.7265625, 33211.07421875, 33231.58984375, 33221.16796875, 33203.98046875, 33206.74609375, 33220.76953125, 33211.34765625, 33237.1484375, 33209.46875, 33207.609375, 33218.63671875, 33187.7421875, 33179.46484375, 33180.8125, 33195.24609375, 33215.18359375, 33213.41015625, 33212.796875, 33208.640625, 33211.67578125, 33225.00390625, 33212.95703125, 33205.9609375, 33236.5234375, 33177.00390625, 33198.28515625, 33229.3828125, 33214.18359375, 33187.0234375, 33234.77734375, 33212.4453125, 33220.796875, 33233.90234375, 33205.69921875, 33228.65625, 33201.51171875, 33195.27734375, 33221.52734375, 33202.23828125, 33228.9296875, 33156.47265625, 33220.140625, 33193.3828125, 33237.29296875, 33207.53125, 33224.37109375, 33236.1796875, 33242.33203125, 33216.10546875, 33241.9453125, 33235.20703125, 33204.21875, 33242.0546875, 33246.26953125, 33203.3046875, 33159.16796875, 33192.71875, 33215.94921875, 33246.21484375, 33190.84375, 33232.57421875, 33234.265625, 33215.56640625, 33223.08984375, 33196.96484375, 33259.02734375, 33219.0078125, 33235.40234375, 33225.828125, 33249.3125, 33238.703125, 33201.05078125, 33243.0078125, 33240.421875, 33250.421875, 33200.640625, 33240.65234375, 33245.453125, 33209.8515625, 33213.83984375, 33211.296875, 33259.58203125, 33285.921875, 33193.53515625, 33242.27734375, 33235.03515625, 33221.015625, 33260.734375, 33240.1875, 33239.078125, 33257.90625, 33262.94921875, 33244.4609375]
