num_layers >>> 5

hidden_dim >>> 128

heads >>> 8

instance_size >>> 100

problem >>> CVRP

dataset_size >>> 25000

batch_size >>> 50

epochs >>> 400

num_datasets >>> 40

task >>> RL

lr >>> 0.0001

scale_weights >>> True

data_distribution >>> TMAT

final_node_layer >>> False

nodeless >>> True

augmentation_factor >>> 8

matnet >>> True

device >>> cuda

timestamp >>> 20250515_102712_2103602

pointerformer >>> False

criterion >>> None

asymmetric >>> True


Validation loss:[19112.572265625, 17300.19140625, 17092.255859375, 17007.638671875, 16588.43359375, 16501.80078125, 16517.81640625, 16447.30078125, 16488.0625, 16463.16015625, 16438.2421875, 16416.359375, 16458.69140625, 16430.310546875, 16420.47265625, 16422.353515625, 16462.85546875, 16436.5546875, 16401.865234375, 16416.037109375, 16426.921875, 16400.48828125, 16427.904296875, 16415.064453125, 16407.1640625, 16414.712890625, 16413.701171875, 16411.779296875, 16395.115234375, 16416.3515625, 16418.822265625, 16369.6171875, 16400.91796875, 16360.259765625, 16318.2236328125, 16335.3955078125, 16345.0556640625, 16315.958984375, 16295.056640625, 16288.0419921875, 16280.826171875, 16290.1552734375, 16280.33984375, 16258.2802734375, 16284.6171875, 16290.01953125, 16243.705078125, 16037.2431640625, 15955.328125, 15944.708984375, 15928.16796875, 15909.5517578125, 15906.271484375, 15901.890625, 15925.841796875, 15914.3623046875, 15893.8974609375, 15876.9296875, 15883.853515625, 15894.42578125, 15867.7607421875, 15852.6240234375, 15822.3369140625, 15860.5224609375, 15839.74609375, 15849.189453125, 15857.1220703125, 15827.232421875, 15848.4716796875, 15855.87109375, 15836.744140625, 15829.0390625, 15838.0634765625, 15833.3740234375, 15846.486328125, 15847.7919921875, 15817.8896484375, 15838.662109375, 15828.6962890625, 15826.916015625, 15816.119140625, 15833.861328125, 15830.39453125, 15833.7783203125, 15809.3017578125, 15814.716796875, 15804.2685546875, 15797.421875, 15814.8251953125, 15820.380859375, 15810.64453125, 15810.9482421875, 15799.509765625, 15792.3388671875, 15790.45703125, 15779.8837890625, 15792.7998046875, 15792.2685546875, 15782.5751953125, 15790.703125, 15784.5732421875, 15770.6953125, 15780.4990234375, 15785.357421875, 15795.7314453125, 15771.01171875, 15801.1484375, 15800.7236328125, 15767.06640625, 15744.95703125, 15760.560546875, 15743.849609375, 15730.138671875, 15754.1630859375, 15752.24609375, 15760.6640625, 15764.1083984375, 15745.3701171875, 15752.0888671875, 15754.314453125, 15735.9599609375, 15761.74609375, 15724.4013671875, 15737.3818359375, 15746.0, 15733.52734375, 15728.8779296875, 15733.1220703125, 15715.9931640625, 15714.2314453125, 15721.0966796875, 15731.59375, 15722.6611328125, 15712.1611328125, 15713.0126953125, 15724.9814453125, 15695.849609375, 15727.2353515625, 15714.998046875, 15731.220703125, 15705.3896484375, 15703.953125, 15718.087890625, 15712.826171875, 15716.41015625, 15723.107421875, 15705.5703125, 15697.10546875, 15708.3779296875, 15679.2744140625, 15699.46484375, 15688.58203125, 15701.2138671875, 15714.18359375, 15697.296875, 15685.3271484375, 15685.89453125, 15702.443359375, 15684.412109375, 15684.6279296875, 15691.3330078125, 15688.0029296875, 15681.033203125, 15684.90234375, 15670.2392578125, 15676.12890625, 15678.7578125, 15690.0556640625, 15671.6259765625, 15679.9111328125, 15670.0400390625, 15665.7353515625, 15667.517578125, 15665.248046875, 15668.279296875, 15695.4169921875, 15688.814453125, 15679.5126953125, 15667.4853515625, 15684.103515625, 15685.7451171875, 15663.06640625, 15657.560546875, 15666.236328125, 15668.923828125, 15662.7216796875, 15654.888671875, 15656.490234375, 15650.146484375, 15654.7568359375, 15664.404296875, 15659.380859375, 15660.6923828125, 15649.8037109375, 15659.8486328125, 15638.3994140625, 15646.16796875, 15639.236328125, 15656.95703125, 15670.0390625, 15662.375, 15647.623046875, 15632.9658203125, 15657.70703125, 15657.8505859375, 15642.029296875, 15657.97265625, 15642.6630859375, 15648.1142578125, 15653.845703125, 15652.8564453125, 15645.951171875, 15651.4560546875, 15656.87890625, 15643.6533203125, 15666.529296875, 15622.166015625, 15643.0791015625, 15637.3857421875, 15646.09765625, 15635.4306640625, 15642.0126953125, 15635.861328125, 15632.4140625, 15644.9130859375, 15623.8212890625, 15636.025390625, 15636.6591796875, 15624.09375, 15628.5244140625, 15624.078125, 15636.3642578125, 15628.767578125, 15631.38671875, 15620.5791015625, 15621.5546875, 15628.201171875, 15613.7373046875, 15616.5322265625, 15617.93359375, 15613.4609375, 15615.302734375, 15590.1533203125, 15606.296875, 15615.7509765625, 15617.1259765625, 15612.732421875, 15618.205078125, 15623.2802734375, 15611.9248046875, 15604.5322265625, 15618.53125, 15613.7763671875, 15624.7177734375, 15617.2763671875, 15613.431640625, 15610.93359375, 15606.0302734375, 15604.3486328125, 15604.298828125, 15609.064453125, 15598.63671875, 15591.916015625, 15590.75, 15627.3779296875, 15616.0302734375, 15603.9111328125, 15618.6044921875, 15595.6259765625, 15608.197265625, 15612.0029296875, 15619.5849609375, 15595.84375, 15579.4990234375, 15590.1552734375, 15586.5, 15592.1953125, 15607.455078125, 15598.810546875, 15611.4638671875, 15596.189453125, 15587.6640625, 15590.7109375, 15595.8564453125, 15586.42578125, 15587.7373046875, 15584.39453125, 15602.8388671875, 15587.0576171875, 15599.2421875, 15589.56640625, 15590.4970703125, 15592.2626953125, 15581.421875, 15570.673828125, 15584.4541015625, 15601.8037109375, 15577.40234375, 15579.4091796875, 15572.234375, 15589.564453125, 15581.6044921875, 15584.021484375, 15582.4150390625, 15578.4111328125, 15573.8447265625, 15578.6484375, 15582.236328125, 15568.169921875, 15558.8720703125, 15563.138671875, 15568.671875, 15566.4609375, 15556.5595703125, 15570.173828125, 15570.1103515625, 15570.0234375, 15553.3291015625, 15567.3837890625, 15571.431640625, 15571.44140625, 15557.095703125, 15563.4208984375, 15556.6611328125, 15566.7197265625, 15572.9619140625, 15564.1796875, 15558.47265625, 15569.966796875, 15567.4443359375, 15553.125, 15571.2041015625, 15564.140625, 15557.2958984375, 15548.4912109375, 15552.8447265625, 15555.8310546875, 15560.69140625, 15555.0556640625, 15549.3828125, 15548.03125, 15551.068359375, 15548.041015625, 15541.8759765625, 15535.7265625, 15540.283203125, 15553.478515625, 15552.8359375, 15538.67578125, 15539.3916015625, 15534.0263671875, 15529.8984375, 15535.8212890625, 15540.6796875, 15539.1044921875, 15543.7353515625, 15538.033203125, 15533.5673828125, 15528.5654296875, 15524.0517578125, 15526.18359375, 15538.998046875, 15519.287109375, 15539.4775390625, 15535.037109375, 15528.4306640625, 15525.5966796875, 15535.03515625, 15527.4345703125, 15531.7138671875, 15523.248046875, 15520.94140625, 15525.61328125, 15514.78125, 15519.673828125, 15525.10546875, 15514.1826171875, 15520.9140625, 15511.4365234375, 15528.0302734375, 15515.7548828125, 15539.9462890625, 15533.564453125, 15521.01953125, 15514.4775390625, 15520.6943359375, 15532.091796875, 15526.9375, 15509.3505859375, 15518.482421875, 15517.4619140625, 15514.4013671875, 15511.666015625, 15522.46875, 15509.6220703125, 15518.005859375, 15513.4658203125, 15515.4169921875, 15512.2607421875, 15511.9912109375]
