num_layers >>> 5

hidden_dim >>> 128

heads >>> 8

instance_size >>> 100

problem >>> CVRP

dataset_size >>> 25000

batch_size >>> 50

epochs >>> 400

num_datasets >>> 40

task >>> RL

lr >>> 0.0001

scale_weights >>> True

data_distribution >>> MIX

final_node_layer >>> False

nodeless >>> True

augmentation_factor >>> 8

matnet >>> False

device >>> cuda

timestamp >>> 20250424_152108_1741205

criterion >>> None

asymmetric >>> True


Validation loss:[14391.9951171875, 14100.021484375, 13859.513671875, 13851.470703125, 13748.609375, 13893.482421875, 13741.8798828125, 13674.7919921875, 13663.01171875, 13558.71484375, 13577.943359375, 13610.7373046875, 13558.08984375, 13453.0322265625, 13562.9072265625, 13438.603515625, 13499.23828125, 13468.654296875, 13426.01171875, 13601.6923828125, 13402.853515625, 13382.75390625, 13407.2255859375, 13443.0, 13421.1142578125, 13353.494140625, 13395.388671875, 13392.4111328125, 13413.984375, 13327.6533203125, 13296.99609375, 13334.6015625, 13255.5537109375, 13268.4375, 13254.232421875, 13236.5546875, 13277.763671875, 13268.080078125, 13244.4052734375, 13249.3525390625, 13210.875, 13250.5, 13167.59375, 13201.78125, 13220.181640625, 13203.4619140625, 13162.580078125, 13223.587890625, 13198.830078125, 13152.21875, 13197.220703125, 12303.412109375, 12336.9658203125, 12253.9677734375, 12277.1171875, 12241.962890625, 12246.14453125, 12194.4072265625, 12224.3837890625, 12209.5439453125, 12232.5263671875, 12197.861328125, 12154.76953125, 12172.6064453125, 12133.3193359375, 12233.4521484375, 12172.0888671875, 12150.4072265625, 12144.2041015625, 12184.9169921875, 12164.400390625, 12119.7275390625, 12144.8466796875, 12155.736328125, 12125.09765625, 12155.466796875, 12122.12890625, 12126.2216796875, 12140.787109375, 12089.84765625, 12125.4765625, 12134.1484375, 12136.802734375, 12092.4501953125, 12097.3125, 12128.3525390625, 12130.4453125, 12113.7451171875, 12068.8916015625, 12068.689453125, 12058.525390625, 12074.927734375, 12058.6689453125, 12091.4287109375, 12061.15625, 12071.3154296875, 12074.177734375, 12047.3916015625, 12054.3193359375, 12081.98046875, 12066.0380859375, 12086.85546875, 12070.2265625, 12035.11328125, 12057.15625, 12073.900390625, 12027.1435546875, 12083.0341796875, 12041.033203125, 12038.830078125, 12069.8115234375, 12025.90625, 12016.205078125, 12022.0087890625, 12049.05859375, 12036.771484375, 12029.93359375, 12028.2236328125, 12000.2041015625, 12023.6376953125, 12031.087890625, 12028.60546875, 12044.2236328125, 11994.9169921875, 12007.4775390625, 12002.220703125, 12019.6806640625, 12019.02734375, 12024.7998046875, 12027.5546875, 12026.8740234375, 12036.0380859375, 11988.9306640625, 11990.818359375, 11998.7890625, 11989.185546875, 12004.7705078125, 12006.115234375, 12007.212890625, 11992.02734375, 12014.5986328125, 11989.595703125, 11985.81640625, 11979.4091796875, 11964.84765625, 11988.1396484375, 12005.8564453125, 12000.630859375, 11963.8984375, 11992.5927734375, 11993.640625, 11954.515625, 11994.9892578125, 12020.6142578125, 11972.9072265625, 11986.8994140625, 11974.6689453125, 12006.3828125, 11974.0947265625, 11978.822265625, 11977.7509765625, 11962.7880859375, 12010.6396484375, 11984.2314453125, 11986.5947265625, 11995.984375, 11975.8623046875, 11954.9208984375, 11951.8134765625, 11977.482421875, 11975.1728515625, 11947.08203125, 11978.609375, 11985.52734375, 11966.9794921875, 11956.435546875, 11938.990234375, 11945.0224609375, 11951.814453125, 11942.0888671875, 11975.447265625, 11960.953125, 11939.71484375, 11943.5791015625, 11973.6474609375, 11951.26953125, 11941.4404296875, 11947.9306640625, 11959.7919921875, 11943.2197265625, 11926.884765625, 11933.193359375, 11925.115234375, 11932.62890625, 11941.3984375, 11927.111328125, 11930.8408203125, 11944.791015625, 11928.4208984375, 11918.5126953125, 11959.947265625, 11921.4423828125, 11932.873046875, 11913.775390625, 11922.40234375, 11921.5888671875, 11945.7275390625, 11925.8896484375, 11925.9658203125, 11933.203125, 11928.8984375, 11922.630859375, 11919.58984375, 11914.0009765625, 11928.41015625, 11931.384765625, 11923.390625, 11929.1669921875, 11900.7021484375, 11922.0107421875, 11922.06640625, 11947.009765625, 11957.0751953125, 11918.56640625, 11922.2392578125, 11903.84375, 11924.984375, 11913.802734375, 11922.2841796875, 11917.314453125, 11914.00390625, 11928.7763671875, 11904.5927734375, 11919.6328125, 11933.45703125, 11903.2958984375, 11895.6396484375, 11920.1669921875, 11912.7392578125, 11901.3291015625, 11911.0576171875, 11901.033203125, 11911.912109375, 11919.0693359375, 11894.33203125, 11918.2177734375, 11917.2509765625, 11909.951171875, 11908.5263671875, 11891.4189453125, 11902.8564453125, 11907.892578125, 11886.2236328125, 11910.111328125, 11910.7138671875, 11909.0322265625, 11912.1005859375, 11920.8974609375, 11919.2099609375, 11896.896484375, 11922.4541015625, 11903.1083984375, 11924.37890625, 11917.392578125, 11912.3544921875, 11882.1748046875, 11915.6875, 11912.5986328125, 11925.8427734375, 11896.228515625, 11896.8154296875, 11906.0439453125, 11893.81640625, 11903.3310546875, 11885.564453125, 11887.314453125, 11882.2734375, 11901.8701171875, 11925.046875, 11920.271484375, 11899.482421875, 11896.4609375, 11879.486328125, 11897.759765625, 11890.365234375, 11893.0419921875, 11895.2255859375, 11878.2978515625, 11902.21875, 11901.48046875, 11906.6416015625, 11907.521484375, 11899.5810546875, 11898.2060546875, 11894.9091796875, 11899.21484375, 11885.5029296875, 11883.69140625, 11896.5732421875, 11895.21875, 11894.03515625, 11917.166015625, 11878.7685546875, 11901.875, 11896.806640625, 11891.046875, 11882.216796875, 11888.880859375, 11893.9091796875, 11870.3193359375, 11884.4140625, 11909.0791015625, 11898.173828125, 11887.888671875, 11899.2216796875, 11876.80078125, 11910.1201171875, 11899.912109375, 11894.3544921875, 11879.7763671875, 11888.0419921875, 11872.955078125, 11875.8603515625, 11881.0068359375, 11890.974609375, 11890.224609375, 11891.5400390625, 11883.4169921875, 11879.78125, 11882.01953125, 11888.34375, 11887.259765625, 11877.203125, 11873.5498046875, 11885.3017578125, 11864.1748046875, 11878.63671875, 11868.7314453125, 11876.5205078125, 11881.083984375, 11888.90234375, 11889.84765625, 11864.138671875, 11889.673828125, 11883.171875, 11873.740234375, 11869.8544921875, 11865.126953125, 11881.94140625, 11882.0947265625, 11882.5107421875, 11872.279296875, 11885.544921875, 11880.0478515625, 11864.125, 11873.3583984375, 11891.4765625, 11876.4443359375, 11863.0693359375, 11880.8603515625, 11856.2958984375, 11861.759765625, 11873.7158203125, 11870.35546875, 11866.0751953125, 11856.494140625, 11886.9111328125, 11871.3515625, 11859.2255859375, 11851.21875, 11854.7490234375, 11873.1611328125, 11863.474609375, 11871.0419921875, 11868.439453125, 11876.2919921875, 11879.9189453125, 11888.89453125, 11874.2392578125, 11873.66015625, 11850.72265625, 11863.86328125, 11883.8740234375, 11874.01953125, 11875.1630859375, 11873.220703125, 11869.2021484375, 11876.2626953125, 11877.00390625, 11862.345703125, 11860.677734375, 11859.4677734375, 11873.498046875, 11865.3759765625, 11857.7490234375, 11848.892578125, 11879.7958984375, 11876.6318359375, 11861.525390625, 11871.357421875]
