num_layers >>> 5

hidden_dim >>> 128

heads >>> 8

instance_size >>> 100

problem >>> CVRP

dataset_size >>> 25000

batch_size >>> 50

epochs >>> 400

num_datasets >>> 40

task >>> RL

lr >>> 0.0001

scale_weights >>> True

data_distribution >>> EUC

final_node_layer >>> False

nodeless >>> True

augmentation_factor >>> 8

matnet >>> False

device >>> cuda

timestamp >>> 20250506_091812_4049588

pointerformer >>> False

criterion >>> None

asymmetric >>> True


Validation loss:[17664.90625, 17564.4453125, 17402.984375, 17180.162109375, 17236.099609375, 16809.52734375, 16781.076171875, 16719.861328125, 16687.20703125, 16643.017578125, 16618.322265625, 16565.8984375, 16561.49609375, 16581.990234375, 16538.888671875, 16523.271484375, 16547.8046875, 16494.74609375, 16514.751953125, 16488.740234375, 16486.224609375, 16467.466796875, 16500.9453125, 16550.71484375, 16470.38671875, 16514.05859375, 16456.87890625, 16448.2265625, 16464.37109375, 16537.595703125, 16463.302734375, 16445.72265625, 16475.9453125, 16489.876953125, 16481.2734375, 16462.77734375, 16433.49609375, 16443.19921875, 16427.72265625, 16436.126953125, 16451.0625, 16421.12890625, 16411.736328125, 16417.599609375, 16413.525390625, 16415.79296875, 16422.154296875, 16408.369140625, 16417.375, 16425.359375, 16404.4765625, 16410.771484375, 16383.7080078125, 16392.6796875, 16411.884765625, 16400.306640625, 16406.599609375, 16396.60546875, 16377.65234375, 16387.169921875, 16382.759765625, 16368.55859375, 16349.7197265625, 16366.3759765625, 16361.5224609375, 16349.2841796875, 16364.9892578125, 16372.26953125, 16363.51171875, 16347.9775390625, 16330.3095703125, 16349.9619140625, 16336.51171875, 16331.587890625, 16391.806640625, 16359.3798828125, 16321.8447265625, 16326.4677734375, 16338.7060546875, 16328.2119140625, 16341.958984375, 16316.6259765625, 16314.3330078125, 16316.2822265625, 16326.3134765625, 16317.28515625, 16339.3583984375, 16306.9013671875, 16318.0927734375, 16302.033203125, 16304.0615234375, 16339.154296875, 16309.1630859375, 16296.353515625, 16299.015625, 16289.9248046875, 16299.0771484375, 16285.4267578125, 16300.6982421875, 16295.3916015625, 16307.0859375, 16288.6943359375, 16288.7783203125, 16312.45703125, 16291.431640625, 16298.1513671875, 16286.4794921875, 16295.09765625, 16295.6962890625, 16297.0302734375, 16281.2265625, 16271.72265625, 16284.6591796875, 16294.4580078125, 16272.435546875, 16293.7705078125, 16290.94140625, 16283.41015625, 16284.2548828125, 16279.1591796875, 16272.158203125, 16260.810546875, 16264.5810546875, 16255.4931640625, 16272.2744140625, 16250.0458984375, 16278.9560546875, 16251.203125, 16262.6162109375, 16257.0361328125, 16255.33203125, 16264.779296875, 16260.0732421875, 16258.15234375, 16266.2158203125, 16265.5458984375, 16262.60546875, 16252.6259765625, 16271.03125, 16271.0107421875, 16286.8837890625, 16244.2060546875, 16253.7021484375, 16261.8583984375, 16250.9853515625, 16255.4296875, 16250.6826171875, 16248.943359375, 16243.5771484375, 16249.3466796875, 16257.228515625, 16253.119140625, 16245.466796875, 16230.90625, 16232.83984375, 16240.103515625, 16245.90625, 16263.02734375, 16241.4765625, 16239.900390625, 16253.125, 16265.8330078125, 16242.443359375, 16237.0361328125, 16242.61328125, 16238.75, 16235.21484375, 16243.50390625, 16233.7236328125, 16241.123046875, 16240.10546875, 16230.9072265625, 16227.314453125, 16236.130859375, 16235.248046875, 16232.34765625, 16240.224609375, 16234.337890625, 16234.6748046875, 16241.7744140625, 16227.59765625, 16235.533203125, 16256.6630859375, 16227.953125, 16278.25, 16228.5087890625, 16251.89453125, 16227.3603515625, 16225.3837890625, 16226.611328125, 16236.5, 16228.2109375, 16233.3818359375, 16212.0244140625, 16218.5849609375, 16214.931640625, 16215.5439453125, 16216.728515625, 16212.96484375, 16222.40625, 16238.2451171875, 16221.7548828125, 16243.640625, 16227.0556640625, 16222.4033203125, 16221.58203125, 16221.681640625, 16241.0009765625, 16221.2822265625, 16218.83203125, 16240.744140625, 16228.8759765625, 16211.900390625, 16213.1884765625, 16208.974609375, 16251.2861328125, 16212.7744140625, 16220.9873046875, 16207.8232421875, 16224.443359375, 16222.306640625, 16217.9375, 16212.068359375, 16211.4287109375, 16213.6005859375, 16207.0, 16205.42578125, 16210.1298828125, 16211.369140625, 16188.7890625, 16212.6103515625, 16221.9482421875, 16202.490234375, 16206.892578125, 16217.048828125, 16201.6923828125, 16202.3212890625, 16195.0859375, 16201.6494140625, 16207.994140625, 16207.7314453125, 16219.447265625, 16200.9169921875, 16205.46875, 16200.6787109375, 16200.3203125, 16210.0458984375, 16195.0986328125, 16219.9111328125, 16202.1904296875, 16199.91796875, 16207.5849609375, 16219.6640625, 16211.9130859375, 16201.7568359375, 16199.7529296875, 16191.2587890625, 16223.287109375, 16195.6611328125, 16196.3349609375, 16200.13671875, 16200.2216796875, 16194.736328125, 16203.2412109375, 16194.265625, 16202.68359375, 16212.767578125, 16209.4541015625, 16213.9951171875, 16223.2490234375, 16207.03125, 16193.4365234375, 16191.5986328125, 16192.0322265625, 16195.1279296875, 16205.23828125, 16194.2470703125, 16207.4248046875, 16213.9072265625, 16198.8095703125, 16191.5146484375, 16194.01953125, 16179.9951171875, 16219.396484375, 16198.8173828125, 16188.3779296875, 16184.0361328125, 16184.0654296875, 16190.6826171875, 16191.4375, 16186.5361328125, 16193.744140625, 16191.7373046875, 16191.9072265625, 16201.0576171875, 16181.54296875, 16196.1259765625, 16186.0595703125, 16196.3544921875, 16187.2314453125, 16182.24609375, 16206.5048828125, 16192.94921875, 16191.2177734375, 16201.677734375, 16192.681640625, 16190.7509765625, 16215.9384765625, 16187.3642578125, 16195.357421875, 16183.958984375, 16187.8486328125, 16180.8193359375, 16185.32421875, 16179.076171875, 16183.5810546875, 16177.697265625, 16207.701171875, 16192.4150390625, 16179.3916015625, 16179.1337890625, 16192.716796875, 16183.5556640625, 16185.703125, 16196.28515625, 16184.3046875, 16183.8798828125, 16189.0029296875, 16182.7900390625, 16191.4375, 16181.408203125, 16191.255859375, 16187.0927734375, 16195.4638671875, 16188.35546875, 16183.66015625, 16180.8291015625, 16191.9736328125, 16176.4345703125, 16185.970703125, 16188.6142578125, 16184.5712890625, 16180.02734375, 16172.087890625, 16172.5078125, 16179.78515625, 16177.9765625, 16178.306640625, 16178.931640625, 16180.8349609375, 16186.7744140625, 16183.6591796875, 16191.3876953125, 16192.705078125, 16175.3076171875, 16183.72265625, 16174.2939453125, 16166.3203125, 16184.681640625, 16172.0556640625, 16168.2685546875, 16176.7578125, 16177.216796875, 16178.2578125, 16179.814453125, 16192.603515625, 16186.1103515625, 16170.626953125, 16180.9287109375, 16179.3896484375, 16190.3349609375, 16177.5390625, 16177.5849609375, 16169.40234375, 16185.0732421875, 16187.79296875, 16170.896484375, 16178.7744140625, 16173.0634765625, 16179.71484375, 16179.2529296875, 16189.8251953125, 16169.326171875, 16180.4052734375, 16183.9931640625, 16181.3408203125, 16187.6787109375, 16178.427734375, 16166.80078125, 16185.5048828125, 16182.5244140625, 16165.982421875, 16178.2841796875, 16173.82421875, 16171.06640625, 16172.986328125, 16169.73046875, 16182.7431640625, 16179.943359375, 16178.14453125]
