num_layers >>> 5

hidden_dim >>> 128

heads >>> 8

instance_size >>> 100

problem >>> CVRP

dataset_size >>> 25000

batch_size >>> 50

epochs >>> 400

num_datasets >>> 40

task >>> RL

lr >>> 0.0001

scale_weights >>> True

data_distribution >>> XASY

final_node_layer >>> False

nodeless >>> False

augmentation_factor >>> 8

matnet >>> False

device >>> cuda

timestamp >>> 20250422_155719_385488

criterion >>> None

asymmetric >>> True


Validation loss:[7791.9462890625, 7686.986328125, 7617.70849609375, 7210.11767578125, 7169.9091796875, 6949.837890625, 6972.3017578125, 6795.91748046875, 6818.49853515625, 6854.73681640625, 6844.16748046875, 6749.68017578125, 6854.75439453125, 6729.98046875, 6558.3486328125, 6651.1474609375, 6568.02978515625, 6498.65576171875, 6619.12255859375, 6554.93212890625, 6506.98193359375, 6450.25927734375, 6532.74365234375, 6325.87548828125, 6316.5419921875, 6340.35302734375, 6381.1943359375, 6259.31982421875, 6341.31689453125, 6185.66748046875, 6198.7861328125, 6200.54833984375, 6332.5517578125, 6159.08837890625, 6153.90380859375, 6084.8671875, 6118.4189453125, 5998.53662109375, 6101.21875, 6150.3974609375, 5979.43408203125, 6042.81884765625, 6020.587890625, 6021.451171875, 5975.63330078125, 6121.7099609375, 4606.2734375, 4550.81396484375, 4481.638671875, 4499.37060546875, 4462.18017578125, 4445.85400390625, 4438.52880859375, 4404.1240234375, 4407.4580078125, 4403.611328125, 4434.96337890625, 4398.31494140625, 4385.47607421875, 4362.169921875, 4377.0498046875, 4339.39599609375, 4374.9267578125, 4376.27490234375, 4374.208984375, 4387.67626953125, 4322.0009765625, 4310.5830078125, 4352.67236328125, 4327.44384765625, 4356.87255859375, 4367.69677734375, 4314.380859375, 4312.916015625, 4266.3134765625, 4283.7763671875, 4301.10546875, 4294.8203125, 4272.521484375, 4324.6162109375, 4302.2060546875, 4280.61328125, 4305.486328125, 4294.533203125, 4299.38037109375, 4295.5673828125, 4299.42529296875, 4298.873046875, 4256.69189453125, 4275.92724609375, 4258.15185546875, 4285.8359375, 4236.0810546875, 4279.2138671875, 4236.50146484375, 4227.49560546875, 4220.13134765625, 4214.9736328125, 4208.970703125, 4237.8818359375, 4229.79296875, 4245.37890625, 4238.40673828125, 4261.31982421875, 4232.177734375, 4245.91845703125, 4203.84765625, 4269.5849609375, 4225.64599609375, 4221.89794921875, 4263.068359375, 4224.3408203125, 4225.0224609375, 4241.84375, 4214.87158203125, 4196.0732421875, 4240.6298828125, 4234.7802734375, 4210.51171875, 4174.451171875, 4235.595703125, 4176.0849609375, 4196.2431640625, 4188.294921875, 4177.533203125, 4209.861328125, 4232.0478515625, 4243.16845703125, 4206.0498046875, 4205.48681640625, 4207.93408203125, 4208.056640625, 4191.33056640625, 4197.79541015625, 4209.2568359375, 4202.3759765625, 4212.9111328125, 4192.15380859375, 4190.64111328125, 4203.91943359375, 4205.5732421875, 4177.87158203125, 4218.2626953125, 4205.4736328125, 4221.00439453125, 4244.775390625, 4161.04296875, 4231.17041015625, 4201.236328125, 4186.18359375, 4247.05615234375, 4161.94140625, 4167.791015625, 4182.13671875, 4180.91943359375, 4168.66748046875, 4167.2294921875, 4175.66357421875, 4219.42236328125, 4180.5849609375, 4201.91748046875, 4206.11962890625, 4182.857421875, 4155.798828125, 4152.7353515625, 4167.615234375, 4225.685546875, 4191.8759765625, 4163.65869140625, 4186.1708984375, 4185.88671875, 4207.20166015625, 4212.8173828125, 4237.5517578125, 4166.88671875, 4172.34912109375, 4223.712890625, 4147.17431640625, 4186.63671875, 4204.92822265625, 4156.23583984375, 4187.1171875, 4234.04638671875, 4206.267578125, 4167.046875, 4129.5361328125, 4148.0986328125, 4196.2197265625, 4235.16455078125, 4158.06494140625, 4166.1396484375, 4173.73388671875, 4188.85205078125, 4160.78564453125, 4159.740234375, 4195.587890625, 4142.86962890625, 4217.79931640625, 4166.32763671875, 4147.5576171875, 4146.1376953125, 4134.205078125, 4149.07958984375, 4164.23876953125, 4115.7646484375, 4170.740234375, 4155.8037109375, 4145.3154296875, 4112.72119140625, 4164.57080078125, 4119.9921875, 4147.87353515625, 4151.20849609375, 4161.1904296875, 4126.607421875, 4132.4228515625, 4183.11279296875, 4140.04443359375, 4137.1591796875, 4221.83740234375, 4130.783203125, 4134.5244140625, 4164.24560546875, 4176.015625, 4207.00830078125, 4166.869140625, 4144.48681640625, 4129.1474609375, 4157.98681640625, 4153.619140625, 4169.0859375, 4162.30615234375, 4158.1728515625, 4120.3193359375, 4156.0283203125, 4149.72265625, 4184.21728515625, 4134.87744140625, 4146.7255859375, 4160.7744140625, 4104.69189453125, 4140.423828125, 4178.4560546875, 4168.6357421875, 4143.48046875, 4134.5390625, 4173.75830078125, 4139.71435546875, 4178.8017578125, 4130.34619140625, 4160.908203125, 4191.94921875, 4143.48046875, 4100.3134765625, 4122.93408203125, 4142.8857421875, 4162.33203125, 4156.70263671875, 4161.0380859375, 4106.45263671875, 4162.2138671875, 4166.1337890625, 4152.49853515625, 4139.9189453125, 4173.08740234375, 4105.61083984375, 4126.6533203125, 4148.7822265625, 4141.6953125, 4124.0625, 4131.86865234375, 4103.833984375, 4109.52978515625, 4138.7978515625, 4105.56640625, 4149.296875, 4153.634765625, 4101.18896484375, 4113.95751953125, 4126.23193359375, 4082.730224609375, 4150.92236328125, 4122.94384765625, 4101.177734375, 4106.56103515625, 4111.501953125, 4146.39453125, 4119.84814453125, 4101.69189453125, 4119.78857421875, 4097.94287109375, 4152.4814453125, 4118.71240234375, 4114.41455078125, 4120.85546875, 4102.9990234375, 4100.1494140625, 4107.90625, 4132.48583984375, 4111.37548828125, 4141.7255859375, 4140.130859375, 4114.666015625, 4112.97509765625, 4122.88720703125, 4128.40234375, 4117.76806640625, 4089.228515625, 4108.7783203125, 4086.4365234375, 4099.9521484375, 4130.76513671875, 4114.0693359375, 4096.81494140625, 4095.768798828125, 4101.1904296875, 4122.47802734375, 4086.745361328125, 4125.7060546875, 4130.21826171875, 4118.47021484375, 4076.190185546875, 4095.205078125, 4079.46484375, 4143.42431640625, 4096.05126953125, 4103.0400390625, 4074.2861328125, 4102.5615234375, 4080.67822265625, 4116.583984375, 4125.12548828125, 4121.68701171875, 4116.41796875, 4074.5986328125, 4112.5849609375, 4092.482421875, 4099.0380859375, 4069.985595703125, 4109.9697265625, 4137.97021484375, 4110.60009765625, 4101.177734375, 4104.08740234375, 4088.44921875, 4080.71044921875, 4104.15771484375, 4076.841796875, 4086.601806640625, 4082.990478515625, 4096.41064453125, 4097.2861328125, 4080.015869140625, 4116.8916015625, 4093.132080078125, 4113.5322265625, 4075.52392578125, 4097.3115234375, 4080.0673828125, 4082.7529296875, 4079.696533203125, 4116.01318359375, 4099.31201171875, 4125.74072265625, 4080.89892578125, 4066.576416015625, 4087.441162109375, 4099.27392578125, 4073.5185546875, 4114.3212890625, 4136.32470703125, 4123.978515625, 4079.154296875, 4082.8876953125, 4116.1181640625, 4079.1826171875, 4078.6748046875, 4081.8359375, 4082.65966796875, 4079.968505859375, 4088.11572265625, 4066.756591796875, 4092.843994140625, 4072.25634765625, 4061.0986328125, 4075.563232421875, 4117.3779296875, 4096.76904296875, 4065.689453125, 4100.72900390625, 4065.4443359375, 4094.78515625, 4109.71875, 4073.70654296875, 4114.1318359375, 4121.07861328125, 4114.04736328125, 4110.5048828125, 4069.732666015625, 4100.18359375]
