num_layers >>> 5

hidden_dim >>> 128

heads >>> 8

instance_size >>> 100

problem >>> CVRP

dataset_size >>> 25000

batch_size >>> 50

epochs >>> 400

num_datasets >>> 40

task >>> RL

lr >>> 0.0001

scale_weights >>> True

data_distribution >>> EUC

final_node_layer >>> False

nodeless >>> False

augmentation_factor >>> 8

matnet >>> False

device >>> cuda

timestamp >>> 20250507_091013_2281909

pointerformer >>> False

criterion >>> None

asymmetric >>> True


Validation loss:[18987.90234375, 17826.96875, 19365.8203125, 18496.02734375, 18086.365234375, 17932.697265625, 17804.44140625, 17526.8203125, 17505.462890625, 17468.537109375, 17237.10546875, 16760.57421875, 16718.501953125, 16603.40234375, 16604.3671875, 16551.8203125, 16568.345703125, 16517.68359375, 16550.01953125, 16488.39453125, 16463.84375, 16430.14453125, 16440.91015625, 16434.970703125, 16404.85546875, 16383.146484375, 16384.90625, 16410.630859375, 16360.9921875, 16344.234375, 16336.158203125, 16342.1640625, 16330.2138671875, 16331.4541015625, 16344.0947265625, 16339.380859375, 16323.4404296875, 16308.638671875, 16308.8828125, 16308.4150390625, 16295.7587890625, 16273.8447265625, 16284.654296875, 16277.5166015625, 16278.8291015625, 16259.91015625, 16265.326171875, 16269.2490234375, 16253.14453125, 16358.3623046875, 16301.4833984375, 16305.1044921875, 16266.9794921875, 16277.3212890625, 16242.8466796875, 16254.994140625, 16250.2529296875, 16265.0439453125, 16242.912109375, 16241.2119140625, 16247.08203125, 16236.986328125, 16256.388671875, 16240.833984375, 16255.525390625, 16221.328125, 16228.8486328125, 16223.8203125, 16229.841796875, 16238.029296875, 16223.955078125, 16216.5859375, 16212.9990234375, 16212.970703125, 16209.283203125, 16225.1484375, 16221.515625, 16211.03125, 16209.630859375, 16196.3076171875, 16202.1708984375, 16191.7412109375, 16190.982421875, 16218.3095703125, 16202.8115234375, 16205.2314453125, 16204.1953125, 16202.41796875, 16197.0751953125, 16215.1494140625, 16216.638671875, 16202.1943359375, 16191.81640625, 16196.228515625, 16198.80859375, 16188.4912109375, 16179.18359375, 16188.009765625, 16188.26171875, 16191.08203125, 16181.166015625, 16189.4013671875, 16203.578125, 16186.982421875, 16179.4658203125, 16174.0712890625, 16172.626953125, 16180.404296875, 16168.8408203125, 16179.083984375, 16182.3505859375, 16177.62890625, 16193.166015625, 16169.6357421875, 16169.4638671875, 16180.109375, 16175.2216796875, 16186.2431640625, 16174.5712890625, 16163.662109375, 16173.9267578125, 16177.2236328125, 16162.78515625, 16189.54296875, 16178.0859375, 16163.94921875, 16171.1904296875, 16168.490234375, 16152.1376953125, 16154.3193359375, 16159.6279296875, 16153.80078125, 16165.25390625, 16146.556640625, 16160.560546875, 16158.6748046875, 16144.0537109375, 16144.666015625, 16137.751953125, 16143.345703125, 16147.8916015625, 16140.224609375, 16155.01171875, 16144.15625, 16155.5869140625, 16146.2724609375, 16145.2041015625, 16147.4384765625, 16139.2587890625, 16126.5625, 16138.248046875, 16138.595703125, 16134.4990234375, 16130.0009765625, 16123.5927734375, 16135.232421875, 16124.8251953125, 16130.20703125, 16138.22265625, 16128.8740234375, 16124.201171875, 16132.7177734375, 16118.263671875, 16134.83984375, 16139.865234375, 16125.5771484375, 16126.138671875, 16132.1083984375, 16130.248046875, 16126.2041015625, 16123.3447265625, 16105.8134765625, 16113.9912109375, 16113.44140625, 16121.5126953125, 16117.2685546875, 16118.3896484375, 16108.470703125, 16109.3896484375, 16128.310546875, 16121.392578125, 16108.8623046875, 16108.71875, 16120.287109375, 16102.35546875, 16107.978515625, 16110.9169921875, 16107.9775390625, 16099.4150390625, 16107.544921875, 16104.810546875, 16115.60546875, 16113.822265625, 16109.828125, 16104.9287109375, 16100.8486328125, 16105.2763671875, 16109.86328125, 16104.04296875, 16109.5771484375, 16112.8935546875, 16107.638671875, 16117.771484375, 16115.9013671875, 16108.603515625, 16112.314453125, 16113.6953125, 16102.75, 16096.525390625, 16105.8818359375, 16110.2587890625, 16103.7666015625, 16113.10546875, 16103.46484375, 16092.4384765625, 16102.96484375, 16098.2880859375, 16106.931640625, 16096.712890625, 16094.4052734375, 16101.685546875, 16095.58984375, 16097.640625, 16098.5966796875, 16100.689453125, 16100.509765625, 16094.4599609375, 16110.4853515625, 16096.591796875, 16091.447265625, 16091.53125, 16103.8935546875, 16099.1748046875, 16091.490234375, 16093.8251953125, 16095.001953125, 16104.3720703125, 16096.4169921875, 16106.611328125, 16091.60546875, 16097.298828125, 16094.4228515625, 16088.048828125, 16084.5537109375, 16083.572265625, 16082.369140625, 16095.0791015625, 16084.7109375, 16082.9931640625, 16078.73828125, 16089.60546875, 16095.025390625, 16079.6015625, 16077.806640625, 16122.3583984375, 16090.427734375, 16100.9541015625, 16089.02734375, 16084.005859375, 16079.326171875, 16093.7568359375, 16094.6796875, 16106.6572265625, 16086.8076171875, 16091.04296875, 16084.2119140625, 16093.7568359375, 16088.138671875, 16085.9052734375, 16087.3076171875, 16100.8994140625, 16089.9541015625, 16086.0830078125, 16087.4482421875, 16092.1728515625, 16077.494140625, 16082.5517578125, 16084.603515625, 16096.548828125, 16072.1123046875, 16087.376953125, 16094.8818359375, 16066.38671875, 16080.5703125, 16075.029296875, 16073.6142578125, 16070.8203125, 16087.5576171875, 16070.8759765625, 16079.607421875, 16074.767578125, 16084.349609375, 16088.556640625, 16073.8955078125, 16073.3828125, 16073.666015625, 16075.5244140625, 16088.7724609375, 16082.7431640625, 16082.7265625, 16072.7021484375, 16082.5380859375, 16080.037109375, 16072.19921875, 16089.56640625, 16078.609375, 16077.4873046875, 16074.919921875, 16074.2353515625, 16078.48828125, 16073.4306640625, 16097.11328125, 16073.7060546875, 16076.4150390625, 16078.8681640625, 16072.5712890625, 16073.0400390625, 16081.0888671875, 16071.267578125, 16075.2080078125, 16072.259765625, 16083.4287109375, 16076.99609375, 16084.251953125, 16082.283203125, 16071.1708984375, 16076.4140625, 16073.6357421875, 16070.453125, 16087.109375, 16076.3046875, 16065.6845703125, 16063.9658203125, 16075.955078125, 16071.802734375, 16067.171875, 16080.115234375, 16073.5732421875, 16078.2080078125, 16069.8310546875, 16074.7490234375, 16078.2548828125, 16086.71484375, 16070.7724609375, 16088.1171875, 16072.96484375, 16071.2705078125, 16073.498046875, 16077.1025390625, 16072.759765625, 16076.5654296875, 16078.169921875, 16075.8798828125, 16067.669921875, 16082.05859375, 16077.7724609375, 16075.5419921875, 16079.7734375, 16086.607421875, 16080.1630859375, 16072.734375, 16073.44921875, 16070.48828125, 16079.1591796875, 16060.2841796875, 16072.2451171875, 16079.09765625, 16075.1064453125, 16074.357421875, 16096.94921875, 16089.974609375, 16071.8330078125, 16073.41796875, 16064.9658203125, 16082.068359375, 16070.2236328125, 16066.6025390625, 16076.275390625, 16079.419921875, 16088.927734375, 16074.771484375, 16064.0830078125, 16063.1689453125, 16071.716796875, 16062.6494140625, 16066.3271484375, 16068.33984375, 16065.2158203125, 16068.458984375, 16062.650390625, 16072.8955078125, 16062.4248046875, 16070.9208984375, 16069.65234375, 16093.9482421875, 16061.001953125, 16064.3291015625, 16062.5517578125, 16072.58203125, 16061.1298828125]
