num_layers >>> 5

hidden_dim >>> 128

heads >>> 8

instance_size >>> 100

problem >>> CVRP

dataset_size >>> 25000

batch_size >>> 50

epochs >>> 400

num_datasets >>> 40

task >>> RL

lr >>> 0.0001

scale_weights >>> True

data_distribution >>> EUC

final_node_layer >>> False

nodeless >>> True

augmentation_factor >>> 8

matnet >>> False

pointerformer >>> True

device >>> cuda

timestamp >>> 20250506_091406_46165

criterion >>> None

asymmetric >>> True


Validation loss:[17348.828125, 17110.232421875, 16912.048828125, 16739.3125, 16694.216796875, 16641.87109375, 16582.73828125, 16605.19921875, 16575.580078125, 16538.33984375, 16525.619140625, 16560.08984375, 16526.3046875, 16533.40625, 16525.51171875, 16480.251953125, 16487.98046875, 16505.7421875, 16489.54296875, 16475.603515625, 16478.283203125, 16470.041015625, 16511.244140625, 16466.732421875, 16442.2578125, 16459.673828125, 16441.837890625, 16451.892578125, 16411.494140625, 16415.525390625, 16420.826171875, 16415.533203125, 16395.1484375, 16427.685546875, 16409.03125, 16385.84765625, 16443.4375, 16384.322265625, 16407.109375, 16407.865234375, 16385.3203125, 16388.087890625, 16381.6376953125, 16360.0439453125, 16371.244140625, 16397.9296875, 16391.958984375, 16393.3125, 16378.708984375, 16337.3046875, 16394.697265625, 16413.015625, 16355.908203125, 16351.0498046875, 16347.45703125, 16341.037109375, 16334.517578125, 16348.322265625, 16354.40234375, 16345.38671875, 16326.5205078125, 16351.5546875, 16334.76953125, 16326.2412109375, 16317.9921875, 16331.2314453125, 16325.12109375, 16338.3720703125, 16336.626953125, 16302.7080078125, 16328.384765625, 16308.2890625, 16335.0615234375, 16314.2861328125, 16321.0478515625, 16304.166015625, 16323.447265625, 16323.4609375, 16309.58984375, 16411.931640625, 16319.5419921875, 16318.7138671875, 16312.3388671875, 16301.7587890625, 16308.4990234375, 16306.8896484375, 16327.404296875, 16309.9326171875, 16307.7890625, 16308.013671875, 16295.033203125, 16343.4267578125, 16303.2841796875, 16311.912109375, 16311.84375, 16312.5068359375, 16327.5166015625, 16322.6669921875, 16295.615234375, 16297.67578125, 16313.072265625, 16284.0673828125, 16287.3837890625, 16317.0556640625, 16327.6181640625, 16286.5615234375, 16289.513671875, 16311.0517578125, 16277.541015625, 16288.3828125, 16309.302734375, 16290.294921875, 16300.880859375, 16280.96484375, 16280.3359375, 16284.0703125, 16275.9091796875, 16291.251953125, 16284.373046875, 16300.669921875, 16293.4091796875, 16318.0869140625, 16275.2216796875, 16319.8408203125, 16309.806640625, 16295.0888671875, 16316.4248046875, 16295.1162109375, 16272.2001953125, 16267.111328125, 16266.8173828125, 16280.5419921875, 16286.8642578125, 16262.298828125, 16393.6640625, 16264.806640625, 16266.93359375, 16282.677734375, 16270.2734375, 16257.9921875, 16269.5576171875, 16278.1806640625, 16268.90234375, 16272.025390625, 16267.580078125, 16295.6162109375, 16260.052734375, 16260.8115234375, 16265.7509765625, 16286.1435546875, 16268.46484375, 16288.9873046875, 16274.6181640625, 16278.5244140625, 16258.7880859375, 16300.80078125, 16274.3935546875, 16269.365234375, 16253.087890625, 16290.005859375, 16307.91796875, 16275.392578125, 16255.7802734375, 16257.46484375, 16252.66015625, 16251.7890625, 16268.193359375, 16249.78125, 16284.884765625, 16237.755859375, 16258.30078125, 16278.208984375, 16362.3154296875, 16247.244140625, 16242.349609375, 16254.8125, 16248.17578125, 16238.2802734375, 16244.5654296875, 16248.544921875, 16234.8603515625, 16259.982421875, 16256.7412109375, 16244.5390625, 16242.8623046875, 16253.818359375, 16258.3046875, 16255.9580078125, 16243.8251953125, 16261.9453125, 16228.8662109375, 16256.2861328125, 16233.91015625, 16240.458984375, 16255.337890625, 16250.00390625, 16234.734375, 16245.8740234375, 16239.06640625, 16261.9775390625, 16260.1943359375, 16243.6708984375, 16249.8173828125, 16234.181640625, 16232.8349609375, 16237.6767578125, 16245.5712890625, 16241.4375, 16242.4609375, 16238.5849609375, 16218.48828125, 16257.8291015625, 16220.3447265625, 16241.21484375, 16224.9130859375, 16231.0185546875, 16231.1650390625, 16243.265625, 16228.7236328125, 16232.7080078125, 16212.08984375, 16219.587890625, 16234.19140625, 16224.41796875, 16217.5537109375, 16222.673828125, 16223.244140625, 16239.671875, 16488.853515625, 16234.30078125, 16237.0439453125, 16236.8642578125, 16226.138671875, 16227.5048828125, 16228.9111328125, 16236.5458984375, 16250.869140625, 16219.1015625, 16251.2861328125, 16227.220703125, 16214.14453125, 16223.982421875, 16229.4228515625, 16264.4619140625, 16227.8505859375, 16219.09765625, 16214.0751953125, 16220.9814453125, 16227.185546875, 16230.8876953125, 16214.5654296875, 16210.6669921875, 16232.216796875, 16226.38671875, 16240.9072265625, 16272.205078125, 16239.0439453125, 16254.29296875, 16228.998046875, 16286.0322265625, 16237.328125, 16213.6318359375, 16220.00390625, 16224.5947265625, 16214.35546875, 16335.59765625, 16218.892578125, 16228.7333984375, 16224.5703125, 16224.556640625, 16265.6123046875, 16227.1220703125, 16256.3125, 16218.349609375, 16235.5263671875, 16247.25390625, 16221.4287109375, 16203.8203125, 16225.7021484375, 16238.35546875, 16228.1259765625, 16225.30078125, 16227.083984375, 16212.18359375, 16214.3408203125, 16235.572265625, 16208.30078125, 16215.541015625, 16206.1962890625, 16248.908203125, 16242.0625, 16204.560546875, 16223.4462890625, 16210.28125, 16212.060546875, 16195.28125, 16214.8486328125, 16206.8154296875, 16203.5322265625, 16234.794921875, 16239.578125, 16224.7060546875, 16225.451171875, 16205.9150390625, 16202.609375, 16200.7333984375, 16201.26171875, 16210.455078125, 16224.6103515625, 16201.150390625, 16214.853515625, 16206.412109375, 16219.908203125, 16206.169921875, 16203.9990234375, 16207.916015625, 16194.3388671875, 16213.3095703125, 16199.2138671875, 16196.2939453125, 16201.3720703125, 16204.9765625, 16214.953125, 16207.5263671875, 16213.650390625, 16191.8447265625, 16230.1611328125, 16210.875, 16212.7109375, 16217.2607421875, 16200.31640625, 16217.515625, 16199.16796875, 16211.404296875, 16222.6103515625, 16205.7626953125, 16197.0126953125, 16214.0625, 16214.0078125, 16239.3076171875, 16226.658203125, 16210.82421875, 16188.80078125, 16189.1708984375, 16211.681640625, 16203.8095703125, 16193.099609375, 16206.5263671875, 16197.7392578125, 16213.34765625, 16222.240234375, 16217.3759765625, 16196.23046875, 16209.068359375, 16200.2158203125, 16199.388671875, 16182.54296875, 16195.5615234375, 16198.556640625, 16212.4462890625, 16202.375, 16205.3681640625, 16201.1240234375, 16197.693359375, 16199.873046875, 16205.857421875, 16236.611328125, 16204.8447265625, 16210.2646484375, 16208.419921875, 16210.4951171875, 16234.3701171875, 16203.87109375, 16205.0986328125, 16201.708984375, 16195.7119140625, 16207.2451171875, 16193.4375, 16207.064453125, 16215.701171875, 16385.396484375, 16196.7265625, 16191.3935546875, 16218.6494140625, 16206.8857421875, 16251.134765625, 16199.4541015625, 16206.466796875, 16199.7041015625, 16195.771484375, 16206.447265625, 16264.4833984375, 16238.783203125, 16200.767578125, 16191.2734375, 16196.416015625, 16189.8857421875, 16188.7626953125, 16199.046875, 16205.310546875]
