num_layers >>> 5

hidden_dim >>> 128

heads >>> 8

instance_size >>> 100

problem >>> CVRP

dataset_size >>> 25000

batch_size >>> 50

epochs >>> 400

num_datasets >>> 40

task >>> RL

lr >>> 0.0001

scale_weights >>> True

data_distribution >>> MIX

final_node_layer >>> False

nodeless >>> False

augmentation_factor >>> 8

matnet >>> False

device >>> cuda

timestamp >>> 20250424_041506_1399728

criterion >>> None

asymmetric >>> True


Validation loss:[14921.814453125, 13994.49609375, 14018.970703125, 13938.2900390625, 13574.6142578125, 13137.8818359375, 12862.8828125, 12725.857421875, 12662.78125, 12545.3095703125, 12547.224609375, 12592.400390625, 12541.3935546875, 12459.509765625, 12483.140625, 12455.3291015625, 12473.5302734375, 12438.6552734375, 12399.724609375, 12440.8056640625, 12396.5087890625, 12357.09375, 12324.6552734375, 12375.2490234375, 12348.2568359375, 12297.6484375, 12307.4208984375, 12267.986328125, 12270.767578125, 12251.87890625, 12206.9892578125, 12279.8154296875, 12205.8623046875, 12189.7724609375, 12134.8330078125, 12134.849609375, 12141.28125, 12147.9228515625, 12145.314453125, 12102.0185546875, 12120.7431640625, 12095.232421875, 12086.4033203125, 12087.0634765625, 12076.154296875, 12059.1201171875, 12057.603515625, 12059.6435546875, 12053.693359375, 12037.6884765625, 12061.021484375, 12057.4189453125, 12029.009765625, 12034.3515625, 12036.40234375, 12022.2841796875, 12026.9931640625, 11988.38671875, 12006.6865234375, 12006.0966796875, 12025.2109375, 12021.4658203125, 11988.060546875, 12023.95703125, 12024.0546875, 11995.771484375, 12006.4423828125, 11996.8037109375, 11972.404296875, 11981.4130859375, 11997.9150390625, 11965.6201171875, 11949.6669921875, 11974.76953125, 11974.0166015625, 11944.8828125, 11983.0341796875, 11973.1171875, 11981.5458984375, 11977.0185546875, 11951.685546875, 11950.9345703125, 11969.1396484375, 11955.7119140625, 11935.595703125, 11958.5546875, 11930.154296875, 11933.107421875, 11919.693359375, 11920.7294921875, 11916.91015625, 11919.4716796875, 11922.22265625, 11914.0390625, 11945.6015625, 11916.7822265625, 11940.185546875, 11929.6005859375, 11919.8115234375, 11916.869140625, 11917.4990234375, 11918.8583984375, 11911.19140625, 11901.6875, 11920.0458984375, 11901.484375, 11918.994140625, 11904.724609375, 11915.09765625, 11910.84765625, 11936.9658203125, 11910.171875, 11917.861328125, 11885.6865234375, 11884.205078125, 11909.6025390625, 11905.1259765625, 11892.2685546875, 11892.4345703125, 11897.896484375, 11894.0380859375, 11917.55078125, 11879.7470703125, 11895.5078125, 11885.94921875, 11924.384765625, 11902.2890625, 11890.462890625, 11886.2451171875, 11887.4111328125, 11873.5, 11876.60546875, 11900.2265625, 11891.560546875, 11871.552734375, 11875.7568359375, 11880.849609375, 11874.1337890625, 11899.4638671875, 11889.328125, 11877.392578125, 11861.2060546875, 11874.5302734375, 11868.5849609375, 11873.8671875, 11865.7978515625, 11887.046875, 11859.7919921875, 11858.7568359375, 11877.5400390625, 11870.0966796875, 11870.56640625, 11869.326171875, 11870.9033203125, 11868.251953125, 11854.5908203125, 11862.015625, 11864.53515625, 11849.8759765625, 11863.748046875, 11856.833984375, 11844.912109375, 11865.5556640625, 11859.447265625, 11850.490234375, 11858.828125, 11848.1044921875, 11864.2578125, 11847.5849609375, 11859.69921875, 11852.3349609375, 11848.3076171875, 11854.9267578125, 11837.373046875, 11843.2744140625, 11851.57421875, 11862.451171875, 11862.2216796875, 11843.5048828125, 11853.919921875, 11821.2939453125, 11838.7158203125, 11829.6337890625, 11868.0263671875, 11841.2509765625, 11846.7919921875, 11852.201171875, 11851.81640625, 11817.8818359375, 11828.916015625, 11849.7685546875, 11841.4208984375, 11833.59375, 11829.783203125, 11831.705078125, 11835.3173828125, 11832.5771484375, 11863.9931640625, 11855.9677734375, 11841.259765625, 11842.3447265625, 11836.259765625, 11830.0966796875, 11831.0224609375, 11846.623046875, 11821.3271484375, 11847.0888671875, 11836.5361328125, 11826.6083984375, 11826.822265625, 11832.4052734375, 11843.037109375, 11822.607421875, 11823.4140625, 11826.0029296875, 11824.146484375, 11830.859375, 11835.314453125, 11817.5234375, 11842.59375, 11824.0185546875, 11842.99609375, 11818.9873046875, 11824.390625, 11821.0283203125, 11817.2294921875, 11818.7412109375, 11810.19140625, 11836.73828125, 11823.025390625, 11807.3291015625, 11813.2333984375, 11833.482421875, 11827.1494140625, 11806.44140625, 11822.703125, 11814.78515625, 11835.62890625, 11819.4521484375, 11826.9453125, 11814.4462890625, 11818.439453125, 11799.123046875, 11811.8916015625, 11805.548828125, 11844.5322265625, 11796.53515625, 11819.607421875, 11815.8857421875, 11828.0927734375, 11794.96875, 11811.4140625, 11808.8056640625, 11811.96484375, 11814.9189453125, 11830.5283203125, 11823.958984375, 11812.8447265625, 11807.15234375, 11811.0380859375, 11821.2958984375, 11799.275390625, 11788.3955078125, 11802.998046875, 11861.818359375, 11793.1630859375, 11800.470703125, 11809.98828125, 11791.4521484375, 11773.70703125, 11802.162109375, 11803.2099609375, 11800.6279296875, 11805.65625, 11813.2626953125, 11792.9765625, 11797.6142578125, 11801.818359375, 11804.984375, 11824.46484375, 11811.5439453125, 11795.091796875, 11806.615234375, 11808.2275390625, 11790.12890625, 11806.310546875, 11809.361328125, 11816.9951171875, 11808.728515625, 11790.3291015625, 11801.68359375, 11813.71484375, 11797.8857421875, 11800.650390625, 11814.779296875, 11808.689453125, 11803.0810546875, 11807.529296875, 11800.048828125, 11804.6552734375, 11788.400390625, 11819.720703125, 11806.662109375, 11789.341796875, 11809.3876953125, 11802.6787109375, 11793.7216796875, 11804.1923828125, 11795.1689453125, 11786.787109375, 11789.7392578125, 11811.5224609375, 11804.4033203125, 11778.384765625, 11784.1142578125, 11800.6513671875, 11793.8095703125, 11812.3046875, 11791.814453125, 11800.248046875, 11781.296875, 11815.2880859375, 11803.2119140625, 11778.1220703125, 11783.3447265625, 11779.8212890625, 11780.6220703125, 11793.8935546875, 11775.7294921875, 11792.412109375, 11776.9873046875, 11780.58203125, 11788.142578125, 11773.4013671875, 11786.650390625, 11785.6494140625, 11792.4755859375, 11794.8154296875, 11765.5576171875, 11792.10546875, 11788.982421875, 11771.578125, 11793.916015625, 11792.529296875, 11772.8505859375, 11765.626953125, 11786.6982421875, 11789.5068359375, 11803.6240234375, 11794.6630859375, 11769.1953125, 11788.962890625, 11783.83203125, 11781.7744140625, 11785.955078125, 11788.708984375, 11802.333984375, 11769.0546875, 11779.046875, 11805.26171875, 11794.6083984375, 11796.84765625, 11779.4775390625, 11759.4580078125, 11773.732421875, 11760.6484375, 11789.9169921875, 11779.3046875, 11773.232421875, 11793.2724609375, 11798.1748046875, 11782.796875, 11771.9912109375, 11770.9189453125, 11784.5, 11771.982421875, 11803.744140625, 11776.458984375, 11794.8330078125, 11786.1064453125, 11815.859375, 11795.61328125, 11778.37890625, 11766.828125, 11781.7158203125, 11775.3173828125, 11783.666015625, 11783.90234375, 11778.2421875, 11776.6552734375, 11764.619140625, 11779.8310546875, 11789.5810546875, 11767.435546875, 11787.255859375, 11761.759765625, 11777.7177734375, 11768.005859375, 11767.60546875, 11754.66015625]
