num_layers >>> 5

hidden_dim >>> 128

heads >>> 8

instance_size >>> 100

problem >>> CVRP

dataset_size >>> 25000

batch_size >>> 50

epochs >>> 400

num_datasets >>> 40

task >>> RL

lr >>> 0.0001

scale_weights >>> True

data_distribution >>> XASY

final_node_layer >>> False

nodeless >>> True

augmentation_factor >>> 8

matnet >>> True

device >>> cuda

timestamp >>> 20250515_102743_2680759

pointerformer >>> False

criterion >>> None

asymmetric >>> True


Validation loss:[7123.7314453125, 6607.1982421875, 6411.12548828125, 6377.66748046875, 6389.19287109375, 6358.67724609375, 6359.7021484375, 6380.71728515625, 6338.3662109375, 6402.6669921875, 6358.18115234375, 6326.0322265625, 6297.7490234375, 6390.63916015625, 6351.23046875, 6370.2265625, 6389.26416015625, 6343.4345703125, 6263.69677734375, 6250.8642578125, 6274.203125, 6327.50732421875, 6364.1220703125, 6235.353515625, 6183.109375, 6238.26513671875, 6271.494140625, 6205.0986328125, 6249.58056640625, 6283.04052734375, 6165.25, 6216.4208984375, 6239.1767578125, 6198.72265625, 6230.083984375, 6257.3876953125, 6153.4287109375, 6249.7939453125, 6178.45654296875, 6211.3134765625, 6193.64892578125, 6216.068359375, 6156.8955078125, 6228.73779296875, 6162.12841796875, 6130.29150390625, 6176.6318359375, 6187.33837890625, 6208.783203125, 6188.1669921875, 6176.14208984375, 6261.38232421875, 6173.28515625, 6212.134765625, 6147.1396484375, 6180.6015625, 6123.3212890625, 6175.9609375, 6230.39404296875, 6201.81787109375, 6205.412109375, 6210.69677734375, 6171.7880859375, 6123.76513671875, 6146.42919921875, 6194.6015625, 6160.833984375, 6125.76904296875, 6124.05517578125, 6152.4072265625, 6155.96875, 6171.40869140625, 6200.30224609375, 6174.7490234375, 6101.89990234375, 6063.27099609375, 5990.69482421875, 5882.859375, 5874.88671875, 5786.302734375, 5642.10595703125, 5581.017578125, 5512.17236328125, 5461.64697265625, 5430.150390625, 5395.09716796875, 5420.0986328125, 5363.9580078125, 5402.38037109375, 5369.75732421875, 5315.25439453125, 5314.81787109375, 5270.0830078125, 5262.66552734375, 5315.50634765625, 5276.443359375, 5255.298828125, 5279.94091796875, 5267.11474609375, 5221.365234375, 5294.29833984375, 5246.6953125, 5194.70068359375, 5208.56005859375, 5203.4111328125, 5220.01171875, 5233.05615234375, 5209.13525390625, 5211.23193359375, 5238.0341796875, 5249.96484375, 5168.4111328125, 5204.2314453125, 5202.44775390625, 5192.18603515625, 5161.68896484375, 5155.67578125, 5171.1953125, 5206.1484375, 5185.44384765625, 5179.11572265625, 5175.8193359375, 5147.12255859375, 5143.587890625, 5166.439453125, 5175.564453125, 5136.193359375, 5180.40673828125, 5141.287109375, 5163.99169921875, 5178.55419921875, 5159.16748046875, 5191.30078125, 5159.35888671875, 5126.75, 5129.98046875, 5140.57568359375, 5178.86279296875, 5148.59033203125, 5141.80322265625, 5121.18017578125, 5166.98193359375, 5156.958984375, 5192.7080078125, 5163.0556640625, 5130.35595703125, 5176.021484375, 5136.0927734375, 5153.72265625, 5121.36474609375, 5119.62548828125, 5149.2568359375, 5160.35498046875, 5154.4873046875, 5122.3720703125, 5112.17626953125, 5148.71435546875, 5132.22314453125, 5171.52783203125, 5154.2138671875, 5133.80859375, 5119.9970703125, 5126.638671875, 5130.376953125, 5121.830078125, 5131.33203125, 5119.60546875, 5140.3359375, 5118.86474609375, 5112.6015625, 5134.9716796875, 5125.96923828125, 5142.22265625, 5114.7626953125, 5152.98095703125, 5120.40869140625, 5129.56494140625, 5093.6845703125, 5118.91455078125, 5150.76513671875, 5104.32177734375, 5104.51123046875, 5117.53955078125, 5108.0185546875, 5101.25927734375, 5146.462890625, 5091.19580078125, 5147.85302734375, 5103.435546875, 5115.32080078125, 5088.12353515625, 5133.29443359375, 5140.8759765625, 5125.72998046875, 5092.880859375, 5083.3994140625, 5110.431640625, 5102.59423828125, 5100.28564453125, 5116.52001953125, 5099.13037109375, 5074.70166015625, 5085.6611328125, 5055.47998046875, 5120.744140625, 5090.068359375, 5086.0322265625, 5083.04736328125, 5088.53125, 5088.3671875, 5121.5966796875, 5073.35693359375, 5110.87255859375, 5083.05908203125, 5078.240234375, 5090.341796875, 5111.0615234375, 5087.517578125, 5086.5146484375, 5080.75048828125, 5080.4208984375, 5065.294921875, 5068.40576171875, 5071.19873046875, 5058.779296875, 5063.03173828125, 5071.28369140625, 5065.32275390625, 5060.5576171875, 5049.90380859375, 5067.7353515625, 5038.232421875, 5036.88427734375, 5039.3671875, 5042.0595703125, 5090.1611328125, 5028.9580078125, 5052.96728515625, 5078.77197265625, 5060.98583984375, 5022.86474609375, 5042.681640625, 5070.36181640625, 5042.38525390625, 5040.248046875, 5028.7763671875, 5056.912109375, 5028.830078125, 5015.75341796875, 5061.88427734375, 5045.01123046875, 5054.44140625, 5058.51806640625, 5015.158203125, 5015.6259765625, 5017.65576171875, 5037.63818359375, 5043.18359375, 5058.47998046875, 5013.248046875, 5019.810546875, 5020.13134765625, 5030.72998046875, 5021.99169921875, 5030.31640625, 5038.44580078125, 5025.4296875, 4996.57080078125, 5041.837890625, 5025.759765625, 4993.0439453125, 5044.5009765625, 5021.4326171875, 5038.4326171875, 5007.61962890625, 5000.0517578125, 5029.67919921875, 5026.2587890625, 5004.89111328125, 5011.6162109375, 5021.748046875, 5013.279296875, 5005.7353515625, 5030.20556640625, 5009.87060546875, 5025.4482421875, 4989.412109375, 5013.6220703125, 5014.28955078125, 5001.15966796875, 4982.55224609375, 4992.552734375, 5005.33984375, 4986.505859375, 4992.2900390625, 4998.06640625, 5039.994140625, 5018.296875, 4998.3955078125, 4981.04931640625, 4996.14208984375, 4998.24609375, 4980.23681640625, 4987.130859375, 4991.14990234375, 4993.90771484375, 4988.439453125, 4994.66796875, 4990.1669921875, 5015.6201171875, 4971.42138671875, 4996.1416015625, 5013.6796875, 4971.43017578125, 5018.1923828125, 4985.7275390625, 4968.63916015625, 4956.263671875, 4989.2978515625, 4981.48828125, 4982.34033203125, 5008.5205078125, 4963.7001953125, 4971.2255859375, 4985.3369140625, 4969.72216796875, 4981.5029296875, 4971.5556640625, 5014.31591796875, 4961.88232421875, 4942.5908203125, 4988.18115234375, 4975.109375, 5007.490234375, 4981.06103515625, 4998.7529296875, 4960.5966796875, 4987.017578125, 4998.51513671875, 4981.8017578125, 5002.8408203125, 4980.716796875, 4989.53125, 4965.62255859375, 4968.4248046875, 4970.11572265625, 4972.32373046875, 4975.72314453125, 4956.5693359375, 4987.7880859375, 4964.453125, 4972.11376953125, 4981.1337890625, 4971.4169921875, 4972.90087890625, 4958.51171875, 4961.61328125, 4980.27880859375, 4989.3837890625, 4997.44873046875, 4968.134765625, 4946.1484375, 4964.80029296875, 4970.22998046875, 4940.56689453125, 4966.5556640625, 4970.73876953125, 4968.7802734375, 4964.36669921875, 4950.47119140625, 4947.5927734375, 4977.740234375, 4967.5673828125, 4967.5009765625, 4939.16455078125, 4963.62841796875, 4985.6875, 4954.31103515625, 4973.6826171875, 4942.4716796875, 4970.677734375, 4967.13720703125, 4979.09716796875, 4971.6376953125, 4955.86865234375, 4941.3525390625, 4947.90966796875, 4971.318359375, 4965.91259765625, 4985.2109375, 4941.15380859375, 4957.1025390625, 4981.15771484375, 4951.37353515625, 4926.43408203125, 4967.26123046875, 4972.38671875, 4952.3681640625, 4944.14501953125, 4970.92431640625]
