num_layers >>> 5

hidden_dim >>> 128

heads >>> 8

instance_size >>> 100

problem >>> CVRP

dataset_size >>> 25000

batch_size >>> 50

epochs >>> 400

num_datasets >>> 40

task >>> RL

lr >>> 0.0001

scale_weights >>> True

data_distribution >>> TMAT

final_node_layer >>> False

nodeless >>> True

augmentation_factor >>> 8

device >>> cuda

timestamp >>> 20250408_135956_28448

criterion >>> None

asymmetric >>> True


Validation loss:[17262.046875, 17042.1328125, 16956.23828125, 16851.966796875, 16872.091796875, 16870.189453125, 16872.3515625, 16811.6953125, 16803.478515625, 16668.76171875, 16633.251953125, 16580.587890625, 16643.962890625, 16532.4921875, 16511.1640625, 16492.06640625, 16462.677734375, 16462.81640625, 16456.80859375, 16432.15625, 16419.556640625, 16368.7080078125, 16431.78515625, 16354.6572265625, 16377.3447265625, 16324.3125, 16317.6865234375, 16313.1455078125, 16314.8017578125, 16337.080078125, 16295.9169921875, 16280.541015625, 16310.7490234375, 16335.6796875, 16261.83984375, 16268.7587890625, 16246.90625, 16200.8203125, 16215.44921875, 16202.71875, 16233.3076171875, 16194.013671875, 16216.041015625, 16168.1953125, 16183.2783203125, 16186.2890625, 16167.283203125, 16194.3408203125, 16178.6474609375, 16157.875, 16132.7412109375, 16165.9375, 16134.69140625, 15382.8955078125, 15406.8828125, 15385.6015625, 15307.087890625, 15330.599609375, 15315.5078125, 15291.517578125, 15301.650390625, 15293.5859375, 15309.3564453125, 15297.9716796875, 15274.2333984375, 15311.53125, 15271.759765625, 15286.33203125, 15254.9345703125, 15263.201171875, 15275.208984375, 15280.23046875, 15248.2724609375, 15243.73046875, 15271.4970703125, 15255.2880859375, 15261.087890625, 15258.8291015625, 15240.3447265625, 15269.8720703125, 15251.9716796875, 15257.5751953125, 15238.09765625, 15241.9775390625, 15236.10546875, 15229.5322265625, 15237.4208984375, 15232.79296875, 15222.7939453125, 15243.4052734375, 15213.67578125, 15235.861328125, 15211.4189453125, 15213.3203125, 15230.3525390625, 15209.5263671875, 15231.4423828125, 15210.3515625, 15227.4287109375, 15220.64453125, 15191.150390625, 15186.1015625, 15193.0947265625, 15187.55859375, 15193.560546875, 15188.3173828125, 15205.3720703125, 15213.9736328125, 15190.2099609375, 15184.5341796875, 15213.75390625, 15189.9873046875, 15189.8134765625, 15166.4296875, 15224.6796875, 15208.3330078125, 15185.076171875, 15191.93359375, 15188.31640625, 15215.052734375, 15179.279296875, 15179.4169921875, 15170.7041015625, 15179.3154296875, 15180.2744140625, 15159.3173828125, 15180.4130859375, 15164.798828125, 15153.9970703125, 15170.3408203125, 15161.291015625, 15173.392578125, 15192.0078125, 15154.40625, 15163.8994140625, 15162.7275390625, 15168.255859375, 15182.5615234375, 15171.4345703125, 15179.0, 15166.49609375, 15158.9794921875, 15146.4423828125, 15154.5830078125, 15171.216796875, 15174.8134765625, 15183.259765625, 15180.3896484375, 15160.177734375, 15154.34765625, 15156.83203125, 15145.9189453125, 15153.7490234375, 15152.9931640625, 15147.259765625, 15170.306640625, 15144.4931640625, 15172.40234375, 15157.52734375, 15148.220703125, 15145.2744140625, 15137.3935546875, 15134.708984375, 15206.541015625, 15142.9736328125, 15153.4453125, 15151.7431640625, 15142.1025390625, 15142.5146484375, 15137.3837890625, 15145.0390625, 15138.9677734375, 15145.80078125, 15133.0068359375, 15161.41015625, 15154.6396484375, 15147.4248046875, 15146.4716796875, 15168.6357421875, 15140.7919921875, 15140.5380859375, 15135.70703125, 15129.9921875, 15122.0966796875, 15135.720703125, 15135.5029296875, 15125.833984375, 15142.4521484375, 15118.5556640625, 15124.083984375, 15138.18359375, 15118.5546875, 15133.650390625, 15126.0322265625, 15138.84765625, 15136.005859375, 15131.103515625, 15113.7412109375, 15130.384765625, 15133.18359375, 15134.927734375, 15125.3818359375, 15135.3876953125, 15136.771484375, 15139.8779296875, 15115.267578125, 15122.3828125, 15114.38671875, 15138.81640625, 15110.21875, 15129.4697265625, 15128.9306640625, 15126.375, 15114.3427734375, 15119.7607421875, 15121.724609375, 15115.4169921875, 15124.03515625, 15109.8642578125, 15110.41796875, 15131.6435546875, 15107.912109375, 15150.0283203125, 15124.2529296875, 15118.919921875, 15115.5791015625, 15110.21875, 15122.4326171875, 15115.6669921875, 15115.60546875, 15106.6689453125, 15124.916015625, 15113.876953125, 15131.423828125, 15118.8818359375, 15119.291015625, 15121.142578125, 15127.908203125, 15110.638671875, 15119.8671875, 15117.1474609375, 15101.654296875, 15109.484375, 15105.35546875, 15112.6376953125, 15101.8330078125, 15110.7734375, 15119.6533203125, 15130.03125, 15118.2353515625, 15095.994140625, 15106.677734375, 15107.451171875, 15121.6875, 15098.9970703125, 15100.7294921875, 15094.64453125, 15112.91015625, 15116.52734375, 15101.7421875, 15105.16796875, 15115.775390625, 15100.5859375, 15096.27734375, 15104.43359375, 15095.6669921875, 15117.74609375, 15094.41015625, 15087.416015625, 15088.0048828125, 15092.5595703125, 15103.9990234375, 15084.439453125, 15092.056640625, 15115.189453125, 15100.7763671875, 15093.009765625, 15105.828125, 15093.619140625, 15098.2509765625, 15110.5322265625, 15084.451171875, 15096.3896484375, 15103.8603515625, 15094.2275390625, 15101.88671875, 15100.384765625, 15094.376953125, 15099.2255859375, 15100.173828125, 15102.9541015625, 15089.2958984375, 15076.875, 15077.1884765625, 15076.912109375, 15094.86328125, 15102.404296875, 15090.9755859375, 15090.681640625, 15086.806640625, 15079.375, 15082.94140625, 15075.9111328125, 15088.509765625, 15094.0595703125, 15096.7724609375, 15096.1005859375, 15082.8408203125, 15118.8671875, 15090.970703125, 15083.5048828125, 15081.1767578125, 15093.373046875, 15086.6083984375, 15075.7919921875, 15084.439453125, 15078.8505859375, 15077.6962890625, 15086.7138671875, 15082.982421875, 15102.7802734375, 15090.6591796875, 15087.8271484375, 15088.076171875, 15092.6220703125, 15124.9638671875, 15088.5888671875, 15104.4443359375, 15080.4716796875, 15091.6923828125, 15086.6474609375, 15083.6123046875, 15102.8349609375, 15070.9443359375, 15086.419921875, 15089.8671875, 15074.3232421875, 15080.9287109375, 15076.4853515625, 15097.455078125, 15081.875, 15092.6318359375, 15075.84375, 15087.8232421875, 15081.18359375, 15074.8125, 15068.78125, 15080.3203125, 15097.3564453125, 15091.802734375, 15073.126953125, 15090.7607421875, 15104.4736328125, 15086.1435546875, 15072.7900390625, 15078.255859375, 15082.5087890625, 15076.29296875, 15076.6416015625, 15079.7177734375, 15083.013671875, 15082.2041015625, 15085.4697265625, 15069.171875, 15085.1513671875, 15074.7099609375, 15071.310546875, 15088.51171875, 15069.955078125, 15080.5458984375, 15080.1201171875, 15071.52734375, 15080.638671875, 15094.6640625, 15080.0126953125, 15083.0087890625, 15075.380859375, 15077.078125, 15079.0673828125, 15060.390625, 15075.494140625, 15102.380859375, 15071.076171875, 15076.0791015625, 15066.646484375, 15072.6494140625, 15079.4990234375, 15084.580078125, 15082.1611328125, 15068.22265625, 15055.8740234375, 15087.2373046875, 15071.59765625, 15081.08984375, 15080.71875, 15071.1669921875, 15082.30078125, 15077.376953125, 15063.884765625, 15066.365234375]
