num_layers >>> 5

hidden_dim >>> 128

heads >>> 8

instance_size >>> 100

problem >>> CVRP

dataset_size >>> 25000

batch_size >>> 50

epochs >>> 400

num_datasets >>> 40

task >>> RL

lr >>> 0.0001

scale_weights >>> True

data_distribution >>> TMAT

final_node_layer >>> False

nodeless >>> False

augmentation_factor >>> 8

matnet >>> False

device >>> cuda

timestamp >>> 20250429_110257_1272649

criterion >>> None

asymmetric >>> True


Validation loss:[18999.8046875, 18972.478515625, 18794.16796875, 17462.15234375, 17301.671875, 17150.818359375, 17106.232421875, 17071.548828125, 17029.640625, 17019.61328125, 17018.2265625, 16809.76171875, 16800.494140625, 16812.56640625, 16751.341796875, 16690.376953125, 16615.625, 16647.400390625, 16634.37890625, 16635.560546875, 16587.970703125, 16690.099609375, 16637.533203125, 16568.625, 16631.26171875, 16496.83984375, 16586.015625, 16527.296875, 16573.783203125, 16466.822265625, 16425.310546875, 16423.587890625, 16433.830078125, 16392.841796875, 16349.568359375, 16372.8173828125, 16290.7275390625, 16396.609375, 16247.7109375, 16229.7998046875, 16257.396484375, 16223.697265625, 16216.615234375, 16248.6416015625, 16174.8876953125, 16256.7392578125, 16204.775390625, 16179.3671875, 16149.041015625, 16204.16796875, 16125.236328125, 16171.1435546875, 16136.099609375, 16115.947265625, 16137.40625, 16098.5712890625, 16113.2314453125, 16104.306640625, 16053.5234375, 16059.3203125, 16080.0673828125, 16095.6826171875, 16078.1357421875, 16038.2646484375, 15289.017578125, 15230.3701171875, 15277.802734375, 15290.271484375, 15215.1552734375, 15233.0087890625, 15200.79296875, 15197.76171875, 15196.140625, 15173.9453125, 15174.349609375, 15171.9921875, 15178.3720703125, 15180.630859375, 15163.6083984375, 15167.7978515625, 15164.11328125, 15143.3681640625, 15150.505859375, 15151.3447265625, 15164.87109375, 15156.568359375, 15141.736328125, 15152.2607421875, 15165.6044921875, 15128.09375, 15141.599609375, 15139.6240234375, 15114.0634765625, 15120.9267578125, 15118.6044921875, 15124.0107421875, 15116.34375, 15135.287109375, 15114.736328125, 15122.875, 15291.3583984375, 15123.2841796875, 15132.6552734375, 15098.7919921875, 15111.2373046875, 15110.55078125, 15108.8330078125, 15113.076171875, 15119.4443359375, 15109.1083984375, 15115.216796875, 15109.064453125, 15085.7626953125, 15106.478515625, 15134.76953125, 15087.00390625, 15095.4560546875, 15082.16015625, 15126.71875, 15107.7451171875, 15097.4541015625, 15091.4658203125, 15078.8759765625, 15096.521484375, 15093.8798828125, 15070.44921875, 15099.080078125, 15082.646484375, 15077.8515625, 15080.7177734375, 15079.6875, 15081.3974609375, 15080.3271484375, 15065.96875, 15063.75390625, 15078.626953125, 15070.8271484375, 15077.2900390625, 15065.0712890625, 15073.0380859375, 15063.25, 15060.6533203125, 15068.2373046875, 15056.9775390625, 15057.2421875, 15069.478515625, 15059.546875, 15053.146484375, 15065.9619140625, 15056.458984375, 15062.7392578125, 15051.6796875, 15055.8701171875, 15062.154296875, 15062.02734375, 15061.4306640625, 15042.9990234375, 15047.7119140625, 15049.0908203125, 15045.4287109375, 15054.4296875, 15045.1875, 15053.9677734375, 15039.138671875, 15049.998046875, 15056.751953125, 15046.318359375, 15053.2666015625, 15051.869140625, 15040.57421875, 15049.5556640625, 15082.3896484375, 15044.8427734375, 15040.3525390625, 15041.8759765625, 15024.7705078125, 15043.6796875, 15032.6865234375, 15028.111328125, 15032.736328125, 15027.37890625, 15044.4423828125, 15033.8818359375, 15045.7216796875, 15024.5576171875, 15027.533203125, 15040.546875, 15041.29296875, 15037.755859375, 15033.8408203125, 15032.1279296875, 15029.4677734375, 15037.296875, 15034.4248046875, 15035.294921875, 15023.6513671875, 15040.408203125, 15015.373046875, 15033.306640625, 15021.43359375, 15023.76953125, 15032.673828125, 15027.544921875, 15013.3837890625, 15034.72265625, 15016.84765625, 15041.986328125, 15033.6533203125, 15023.9267578125, 15044.248046875, 15024.71875, 15019.44140625, 15015.904296875, 15016.8046875, 15019.8759765625, 15014.8740234375, 15022.345703125, 15013.076171875, 15018.1767578125, 15018.908203125, 15023.845703125, 15015.4013671875, 15018.40234375, 15022.552734375, 15014.48828125, 15015.6826171875, 14999.5498046875, 15008.865234375, 15069.70703125, 15006.501953125, 15005.90625, 15002.9833984375, 14999.876953125, 14999.134765625, 15008.7880859375, 15013.0263671875, 15009.10546875, 14997.857421875, 14999.958984375, 15022.263671875, 15010.1162109375, 15001.8720703125, 15012.373046875, 15000.837890625, 15007.0791015625, 15011.3486328125, 14988.9677734375, 15003.3974609375, 14996.9453125, 15006.025390625, 15013.923828125, 15038.29296875, 15009.90625, 15007.1669921875, 15011.0361328125, 14990.7802734375, 14998.7490234375, 15007.60546875, 15013.5185546875, 15127.9990234375, 15001.1845703125, 14996.96875, 14999.498046875, 15004.9697265625, 15001.1787109375, 15004.396484375, 14996.08203125, 14987.279296875, 15024.63671875, 15006.9091796875, 15064.2958984375, 15015.2041015625, 14997.369140625, 14998.9609375, 15004.14453125, 14998.111328125, 14998.2373046875, 15004.55078125, 14989.6044921875, 15000.6689453125, 15004.265625, 14994.541015625, 15005.40625, 14999.060546875, 14987.392578125, 14991.8193359375, 14999.466796875, 14996.015625, 15003.8017578125, 15004.361328125, 14995.58203125, 14995.314453125, 14994.376953125, 14998.37109375, 15007.2275390625, 14987.81640625, 14993.35546875, 15003.7099609375, 15015.34765625, 14999.513671875, 14983.2646484375, 14991.5517578125, 14978.7294921875, 15000.8125, 14988.3994140625, 14988.8017578125, 14995.015625, 14977.7685546875, 15016.689453125, 14992.7412109375, 14981.8466796875, 14987.9990234375, 14989.15234375, 14984.958984375, 14983.904296875, 14990.6640625, 14989.2626953125, 14978.607421875, 14993.25390625, 14983.5439453125, 14982.9931640625, 14980.580078125, 14991.919921875, 14979.1943359375, 14998.7177734375, 15003.287109375, 14996.271484375, 15004.142578125, 14983.392578125, 14978.9482421875, 14980.0849609375, 14976.6494140625, 14986.8115234375, 14975.5537109375, 14988.2041015625, 14976.34765625, 14979.662109375, 14977.064453125, 14970.8515625, 14979.13671875, 14974.638671875, 14984.740234375, 14977.3671875, 14980.265625, 14983.736328125, 14976.0703125, 14965.978515625, 14989.1201171875, 14988.9013671875, 14981.51171875, 14979.240234375, 14963.30859375, 14965.578125, 14973.36328125, 14973.068359375, 14975.4365234375, 14977.345703125, 14984.2109375, 14974.1767578125, 14985.046875, 14968.419921875, 14956.4248046875, 14981.8642578125, 14984.9580078125, 14969.751953125, 14986.8662109375, 14972.03515625, 14973.1826171875, 14970.4765625, 14981.396484375, 14969.751953125, 14970.2509765625, 14980.556640625, 14976.6083984375, 14963.931640625, 14967.4970703125, 14973.1845703125, 14973.4462890625, 14975.708984375, 14962.140625, 14985.9560546875, 14974.15234375, 14989.7978515625, 14968.6455078125, 14972.8310546875, 14969.6328125, 14973.755859375, 14960.1455078125, 14975.6826171875, 14968.0478515625, 14970.88671875, 14959.1953125, 14967.95703125, 14963.908203125, 14971.326171875, 14974.310546875, 14968.021484375, 14957.16015625, 14975.240234375, 14972.3291015625]
