num_layers >>> 5

hidden_dim >>> 128

heads >>> 8

instance_size >>> 100

problem >>> CVRP

dataset_size >>> 25000

batch_size >>> 50

epochs >>> 400

num_datasets >>> 40

task >>> RL

lr >>> 0.0001

scale_weights >>> True

data_distribution >>> EUC

final_node_layer >>> False

nodeless >>> True

augmentation_factor >>> 8

matnet >>> True

device >>> cuda

timestamp >>> 20250515_102702_4078037

pointerformer >>> False

criterion >>> None

asymmetric >>> True


Validation loss:[18420.6484375, 18304.52734375, 17822.666015625, 17337.494140625, 17247.875, 17169.341796875, 17144.31640625, 17145.29296875, 17152.775390625, 17107.900390625, 17112.5625, 17044.73828125, 17015.357421875, 16980.62109375, 16978.236328125, 16974.1875, 16951.462890625, 16927.048828125, 16892.984375, 16827.201171875, 16744.630859375, 16681.65625, 16659.947265625, 16623.724609375, 16623.671875, 16590.9453125, 16591.16796875, 16561.4453125, 16554.580078125, 16547.83984375, 16541.048828125, 16530.80078125, 16529.51953125, 16521.12890625, 16515.28125, 16513.48828125, 16504.890625, 16534.74609375, 16500.11328125, 16507.685546875, 16479.822265625, 16485.078125, 16490.72265625, 16482.17578125, 16473.65234375, 16473.85546875, 16458.51953125, 16467.087890625, 16455.908203125, 16461.25390625, 16470.60546875, 16468.107421875, 16449.0546875, 16451.73046875, 16449.408203125, 16450.65625, 16448.818359375, 16437.859375, 16439.51171875, 16437.25, 16439.41015625, 16425.2265625, 16423.53125, 16435.2890625, 16415.44921875, 16411.279296875, 16436.044921875, 16421.20703125, 16419.900390625, 16416.396484375, 16418.25390625, 16412.7734375, 16407.80859375, 16409.935546875, 16388.53125, 16404.814453125, 16399.65625, 16406.869140625, 16410.279296875, 16395.2734375, 16395.28125, 16396.30859375, 16393.83984375, 16388.83984375, 16399.796875, 16386.693359375, 16388.384765625, 16383.212890625, 16377.2373046875, 16391.138671875, 16376.3544921875, 16383.216796875, 16377.1337890625, 16380.83984375, 16386.0859375, 16375.359375, 16383.0703125, 16370.7333984375, 16377.453125, 16369.90625, 16364.2529296875, 16370.916015625, 16378.5830078125, 16374.8935546875, 16374.44921875, 16392.822265625, 16373.4140625, 16362.40234375, 16362.494140625, 16358.3623046875, 16360.9091796875, 16370.9296875, 16375.61328125, 16354.5322265625, 16354.5283203125, 16362.5888671875, 16356.5654296875, 16355.32421875, 16355.6376953125, 16356.953125, 16350.3720703125, 16354.8251953125, 16373.6943359375, 16362.978515625, 16356.484375, 16354.84375, 16352.3740234375, 16353.6875, 16355.6904296875, 16343.3359375, 16352.107421875, 16358.0234375, 16341.0126953125, 16368.9248046875, 16350.5400390625, 16349.71484375, 16364.7333984375, 16357.7578125, 16344.2763671875, 16336.5478515625, 16338.537109375, 16340.890625, 16344.642578125, 16342.1455078125, 16346.048828125, 16357.357421875, 16344.724609375, 16350.5341796875, 16336.34765625, 16341.009765625, 16335.458984375, 16332.396484375, 16335.03125, 16341.798828125, 16339.32421875, 16330.73046875, 16327.244140625, 16340.392578125, 16319.2919921875, 16334.966796875, 16329.529296875, 16331.9443359375, 16330.0634765625, 16322.505859375, 16345.9267578125, 16314.7568359375, 16324.580078125, 16315.9609375, 16327.1767578125, 16344.7451171875, 16319.775390625, 16324.517578125, 16335.8017578125, 16327.513671875, 16315.6025390625, 16310.6708984375, 16316.28515625, 16328.9501953125, 16304.44140625, 16319.07421875, 16313.87890625, 16309.671875, 16304.7431640625, 16317.6748046875, 16322.5068359375, 16318.6318359375, 16315.26171875, 16323.9921875, 16311.4248046875, 16313.78125, 16310.87109375, 16315.5419921875, 16315.712890625, 16316.927734375, 16318.1728515625, 16320.6298828125, 16308.7919921875, 16314.673828125, 16302.1611328125, 16310.701171875, 16323.408203125, 16324.2958984375, 16316.01171875, 16309.2353515625, 16313.455078125, 16310.5615234375, 16295.17578125, 16302.8994140625, 16318.078125, 16305.9189453125, 16306.8583984375, 16306.2021484375, 16302.033203125, 16302.4951171875, 16296.7060546875, 16303.2998046875, 16295.498046875, 16316.083984375, 16297.2255859375, 16297.4921875, 16297.7646484375, 16311.6904296875, 16296.224609375, 16300.4794921875, 16299.5654296875, 16301.76953125, 16288.8984375, 16299.015625, 16306.12109375, 16292.7373046875, 16293.6826171875, 16296.6904296875, 16292.87890625, 16289.8212890625, 16291.5400390625, 16287.6875, 16291.56640625, 16293.2431640625, 16295.91796875, 16293.1982421875, 16283.1591796875, 16292.0283203125, 16287.34375, 16284.767578125, 16290.96875, 16296.6826171875, 16292.7138671875, 16298.095703125, 16290.2255859375, 16281.6640625, 16302.7197265625, 16297.65625, 16298.619140625, 16284.775390625, 16301.5400390625, 16286.162109375, 16274.5888671875, 16281.955078125, 16290.091796875, 16289.1962890625, 16288.7109375, 16281.220703125, 16286.7216796875, 16280.0283203125, 16287.8291015625, 16279.3076171875, 16280.646484375, 16277.4951171875, 16281.8681640625, 16281.7197265625, 16280.7080078125, 16277.296875, 16282.208984375, 16275.986328125, 16271.9931640625, 16275.4501953125, 16279.8408203125, 16265.765625, 16273.86328125, 16282.197265625, 16270.7607421875, 16283.6171875, 16272.3701171875, 16271.13671875, 16272.994140625, 16265.6826171875, 16280.8203125, 16270.69921875, 16265.6572265625, 16271.869140625, 16266.818359375, 16276.03515625, 16273.1943359375, 16271.4345703125, 16278.58203125, 16271.4921875, 16278.3916015625, 16269.248046875, 16259.435546875, 16267.69921875, 16267.8203125, 16270.0078125, 16267.646484375, 16269.43359375, 16262.0400390625, 16277.0205078125, 16273.984375, 16270.0966796875, 16275.4140625, 16278.630859375, 16263.1513671875, 16268.2294921875, 16264.6650390625, 16274.423828125, 16272.0732421875, 16265.181640625, 16272.103515625, 16268.7333984375, 16264.1943359375, 16260.8818359375, 16270.8046875, 16266.12890625, 16258.748046875, 16258.2529296875, 16249.802734375, 16260.9296875, 16257.9853515625, 16273.0556640625, 16270.248046875, 16258.201171875, 16262.416015625, 16262.3642578125, 16259.6650390625, 16256.8115234375, 16272.0068359375, 16267.248046875, 16260.9462890625, 16255.5771484375, 16268.83984375, 16262.1875, 16250.46484375, 16260.5595703125, 16255.796875, 16257.9736328125, 16255.328125, 16248.919921875, 16253.9794921875, 16263.8681640625, 16257.62109375, 16253.3486328125, 16263.2138671875, 16251.6171875, 16261.69140625, 16259.443359375, 16264.345703125, 16267.51953125, 16261.11328125, 16255.59375, 16253.955078125, 16256.3095703125, 16251.6904296875, 16259.529296875, 16268.525390625, 16256.794921875, 16254.3232421875, 16248.740234375, 16255.876953125, 16261.873046875, 16259.724609375, 16254.6015625, 16240.7705078125, 16250.4580078125, 16263.3916015625, 16247.6171875, 16247.3662109375, 16241.818359375, 16247.3037109375, 16257.1650390625, 16242.82421875, 16242.509765625, 16258.505859375, 16249.1806640625, 16255.220703125, 16244.4169921875, 16243.125, 16243.744140625, 16243.7412109375, 16253.326171875, 16237.3232421875, 16243.8291015625, 16245.193359375, 16246.3525390625, 16241.517578125, 16235.6552734375, 16238.4287109375, 16238.7861328125, 16241.8134765625, 16247.8447265625, 16253.0380859375, 16239.205078125]
