num_layers >>> 5

hidden_dim >>> 128

heads >>> 8

instance_size >>> 100

problem >>> CVRP

dataset_size >>> 25000

batch_size >>> 50

epochs >>> 400

num_datasets >>> 40

task >>> RL

lr >>> 0.0001

scale_weights >>> True

data_distribution >>> XASY

final_node_layer >>> False

nodeless >>> True

augmentation_factor >>> 8

device >>> cuda

timestamp >>> 20250408_135956_28690

criterion >>> None

asymmetric >>> True


Validation loss:[7719.21728515625, 7625.67041015625, 7312.2626953125, 7151.6396484375, 6993.193359375, 6945.1337890625, 6969.609375, 6951.8349609375, 6842.28173828125, 6921.70703125, 6861.2275390625, 6779.29443359375, 6788.58349609375, 6803.0576171875, 5243.06884765625, 5127.37255859375, 4955.3916015625, 5230.75634765625, 4913.89990234375, 4827.7158203125, 4829.33642578125, 4813.572265625, 4743.54541015625, 4839.87255859375, 4773.94091796875, 4719.859375, 4700.8486328125, 4650.10107421875, 4660.49951171875, 4688.90283203125, 4616.44384765625, 4682.50439453125, 4586.57421875, 4592.3828125, 4606.8330078125, 4582.81005859375, 4579.52099609375, 4588.65478515625, 4568.51708984375, 4563.59619140625, 4537.77587890625, 4543.53515625, 4558.68505859375, 4634.7353515625, 4511.8515625, 4500.8408203125, 4512.16015625, 4542.0322265625, 4534.10693359375, 4498.4443359375, 4544.23583984375, 4521.5986328125, 4491.25341796875, 4438.25732421875, 4470.88623046875, 4463.2177734375, 4486.73486328125, 4487.05126953125, 4500.95068359375, 4499.09619140625, 4461.33251953125, 4459.09521484375, 4427.642578125, 4493.10302734375, 4473.40283203125, 4438.5341796875, 4425.0107421875, 4409.4794921875, 4451.60791015625, 4475.115234375, 4457.654296875, 4466.015625, 4483.91650390625, 4412.38623046875, 4419.33056640625, 4404.236328125, 4445.01171875, 4442.93505859375, 4400.4130859375, 4396.86474609375, 4429.1953125, 4417.703125, 4403.4189453125, 4443.05908203125, 4389.4765625, 4396.0849609375, 4419.40966796875, 4400.40234375, 4387.23486328125, 4400.60302734375, 4403.5703125, 4417.06689453125, 4416.857421875, 4404.13818359375, 4429.52001953125, 4409.81640625, 4419.28125, 4436.166015625, 4410.2451171875, 4376.412109375, 4399.57470703125, 4373.44189453125, 4441.33984375, 4355.74169921875, 4366.49365234375, 4391.7578125, 4377.10888671875, 4381.2548828125, 4352.404296875, 4371.13720703125, 4348.515625, 4402.85546875, 4407.82373046875, 4365.52587890625, 4371.94677734375, 4377.32763671875, 4393.8759765625, 4397.087890625, 4367.4267578125, 4343.65869140625, 4359.94482421875, 4388.13525390625, 4355.3505859375, 4349.40576171875, 4385.20556640625, 4346.83984375, 4367.40087890625, 4359.37060546875, 4324.0166015625, 4355.43896484375, 4358.44384765625, 4341.728515625, 4357.74658203125, 4345.14697265625, 4353.392578125, 4354.0830078125, 4376.69580078125, 4337.57666015625, 4352.60400390625, 4344.150390625, 4381.0263671875, 4344.9228515625, 4348.8662109375, 4364.48828125, 4353.9326171875, 4355.169921875, 4350.798828125, 4359.5126953125, 4370.4208984375, 4363.388671875, 4355.4619140625, 4355.7705078125, 4351.5537109375, 4347.31884765625, 4337.18505859375, 4329.09521484375, 4327.60498046875, 4306.15966796875, 4328.52880859375, 4362.2685546875, 4328.6455078125, 4353.2900390625, 4353.1376953125, 4349.04296875, 4312.2421875, 4316.91552734375, 4336.9541015625, 4324.03173828125, 4286.146484375, 4293.19287109375, 4313.23681640625, 4311.43505859375, 4339.03466796875, 4352.7607421875, 4392.47314453125, 4325.14013671875, 4303.64990234375, 4341.08935546875, 4296.17041015625, 4306.9130859375, 4351.74462890625, 4311.73291015625, 4318.01025390625, 4353.978515625, 4357.1318359375, 4335.822265625, 4356.44189453125, 4323.6328125, 4319.84228515625, 4301.19384765625, 4293.26953125, 4321.6982421875, 4295.48681640625, 4281.37548828125, 4304.61572265625, 4305.43115234375, 4287.4599609375, 4295.15283203125, 4312.5869140625, 4307.4609375, 4324.8876953125, 4296.71240234375, 4286.791015625, 4322.32421875, 4283.02880859375, 4328.3056640625, 4296.59130859375, 4307.36669921875, 4291.88134765625, 4291.267578125, 4320.67724609375, 4331.77294921875, 4294.80224609375, 4290.28173828125, 4362.83154296875, 4305.51611328125, 4291.52392578125, 4272.01220703125, 4287.04541015625, 4342.99560546875, 4304.703125, 4311.0419921875, 4265.529296875, 4285.263671875, 4317.2255859375, 4305.0654296875, 4271.19677734375, 4284.828125, 4302.1455078125, 4308.66259765625, 4328.96533203125, 4304.43798828125, 4314.38525390625, 4329.494140625, 4313.07470703125, 4265.421875, 4292.99951171875, 4287.59521484375, 4275.71240234375, 4293.38134765625, 4289.9423828125, 4341.1865234375, 4287.3251953125, 4296.8798828125, 4299.525390625, 4277.984375, 4319.92431640625, 4304.25146484375, 4274.1689453125, 4290.61376953125, 4306.5087890625, 4292.5732421875, 4281.57080078125, 4283.82373046875, 4287.10205078125, 4242.38330078125, 4284.85546875, 4296.84423828125, 4277.701171875, 4250.55712890625, 4294.935546875, 4290.97900390625, 4300.4072265625, 4281.98291015625, 4269.8154296875, 4257.26171875, 4284.7734375, 4265.671875, 4295.306640625, 4287.07568359375, 4314.1103515625, 4276.38818359375, 4278.16650390625, 4261.7626953125, 4259.2421875, 4290.0478515625, 4313.82861328125, 4293.013671875, 4263.267578125, 4271.33251953125, 4272.19921875, 4292.88134765625, 4291.17626953125, 4276.91162109375, 4290.21142578125, 4284.294921875, 4280.36279296875, 4282.59130859375, 4248.2265625, 4279.189453125, 4296.68017578125, 4291.240234375, 4279.78173828125, 4277.0537109375, 4270.20947265625, 4263.373046875, 4272.0712890625, 4298.126953125, 4281.26513671875, 4291.35986328125, 4277.58251953125, 4266.80859375, 4294.3818359375, 4278.9638671875, 4245.46044921875, 4253.51025390625, 4261.21044921875, 4271.30029296875, 4275.36572265625, 4278.5595703125, 4297.64794921875, 4265.3310546875, 4294.85107421875, 4271.83935546875, 4288.3193359375, 4279.5712890625, 4272.83984375, 4262.5126953125, 4236.091796875, 4273.55517578125, 4255.65380859375, 4289.75341796875, 4245.98388671875, 4268.71337890625, 4287.74365234375, 4260.80859375, 4282.72265625, 4245.1669921875, 4288.1640625, 4257.96240234375, 4251.958984375, 4272.48583984375, 4273.8056640625, 4276.36669921875, 4261.36865234375, 4283.29345703125, 4260.42431640625, 4298.7021484375, 4276.80517578125, 4284.2177734375, 4279.34765625, 4246.8154296875, 4259.5498046875, 4301.8984375, 4261.22216796875, 4265.15380859375, 4255.88427734375, 4246.2314453125, 4251.62890625, 4262.2734375, 4265.4267578125, 4242.9189453125, 4237.0224609375, 4244.1220703125, 4233.86767578125, 4270.025390625, 4266.90673828125, 4271.82861328125, 4260.22216796875, 4244.71923828125, 4244.62841796875, 4277.89404296875, 4249.33642578125, 4281.0380859375, 4298.52587890625, 4236.77880859375, 4266.78759765625, 4242.71728515625, 4265.79443359375, 4287.13623046875, 4274.20263671875, 4240.69873046875, 4278.6806640625, 4298.26611328125, 4269.40771484375, 4248.5185546875, 4256.0595703125, 4260.56640625, 4227.2861328125, 4247.5478515625, 4259.7490234375, 4249.89990234375, 4253.82568359375, 4233.24365234375, 4259.5576171875, 4250.33447265625, 4258.64599609375, 4285.1298828125, 4256.2275390625, 4253.32568359375, 4227.2568359375, 4272.71630859375, 4216.9619140625, 4250.43896484375, 4252.931640625, 4247.5146484375, 4264.38720703125, 4238.91455078125, 4254.921875, 4236.962890625]
