num_layers >>> 5

hidden_dim >>> 128

heads >>> 8

instance_size >>> 100

problem >>> TSP

dataset_size >>> 25000

batch_size >>> 50

epochs >>> 400

num_datasets >>> 40

task >>> RL

lr >>> 0.0001

scale_weights >>> True

data_distribution >>> EUC

final_node_layer >>> False

nodeless >>> True

augmentation_factor >>> 8

matnet >>> False

pointerformer >>> True

device >>> cuda

timestamp >>> 20250506_091417_3936804

criterion >>> None

asymmetric >>> False


Validation loss:[8108.3623046875, 8094.7705078125, 8057.1669921875, 8023.4951171875, 8024.0068359375, 8004.341796875, 7996.578125, 7981.13720703125, 7979.78125, 7972.91552734375, 7964.41357421875, 7958.828125, 7960.8154296875, 7945.662109375, 7946.33349609375, 7940.10205078125, 7945.9072265625, 7937.6689453125, 7933.9453125, 7940.09912109375, 7939.99072265625, 7936.12939453125, 7928.5625, 7937.2392578125, 7928.048828125, 7923.17626953125, 7917.71142578125, 7930.9951171875, 7918.84228515625, 7918.626953125, 7915.95849609375, 7912.08154296875, 7917.09765625, 7902.41796875, 7906.73046875, 7905.14208984375, 7900.7744140625, 7904.7529296875, 7902.794921875, 7895.59619140625, 7894.767578125, 7893.6240234375, 7895.61474609375, 7899.28173828125, 7887.11083984375, 7892.9130859375, 7887.921875, 7889.56884765625, 7887.93505859375, 7884.96240234375, 7886.89306640625, 7884.85693359375, 7886.203125, 7885.30615234375, 7880.29443359375, 7882.0517578125, 7880.50927734375, 7879.9423828125, 7879.3447265625, 7885.08203125, 7880.03857421875, 7875.98486328125, 7875.28271484375, 7880.9482421875, 7876.06689453125, 7873.45458984375, 7873.673828125, 7874.09130859375, 7875.388671875, 7868.248046875, 7871.82568359375, 7871.1875, 7870.78564453125, 7868.916015625, 7867.0029296875, 7867.6318359375, 7864.76513671875, 7862.61376953125, 7863.8974609375, 7866.22607421875, 7865.021484375, 7866.77587890625, 7859.908203125, 7860.66162109375, 7861.38623046875, 7858.9169921875, 7861.92578125, 7859.283203125, 7856.1748046875, 7860.1162109375, 7856.18017578125, 7857.03271484375, 7856.525390625, 7855.86572265625, 7855.240234375, 7855.89892578125, 7853.4423828125, 7855.111328125, 7851.37646484375, 7852.66064453125, 7851.15380859375, 7852.2822265625, 7846.990234375, 7847.865234375, 7847.37353515625, 7847.47119140625, 7844.26611328125, 7847.140625, 7850.55859375, 7841.81494140625, 7845.2666015625, 7846.6279296875, 7845.86328125, 7846.42431640625, 7844.8388671875, 7845.66015625, 7840.15673828125, 7839.4169921875, 7839.1708984375, 7835.56396484375, 7833.83642578125, 7836.70068359375, 7835.87646484375, 7834.41748046875, 7832.724609375, 7831.40625, 7833.70556640625, 7829.6982421875, 7825.59814453125, 7827.150390625, 7827.5244140625, 7824.7626953125, 7825.15087890625, 7822.685546875, 7826.19482421875, 7821.7890625, 7826.39404296875, 7822.86328125, 7820.7138671875, 7822.07470703125, 7821.64599609375, 7823.572265625, 7818.92431640625, 7821.06591796875, 7818.33349609375, 7817.29248046875, 7818.853515625, 7817.1953125, 7817.0849609375, 7815.1669921875, 7818.54248046875, 7813.9951171875, 7814.384765625, 7819.21728515625, 7815.23388671875, 7812.958984375, 7814.564453125, 7812.38427734375, 7816.576171875, 7812.875, 7811.263671875, 7814.04443359375, 7810.92529296875, 7808.6875, 7810.0166015625, 7810.98974609375, 7808.82373046875, 7810.66552734375, 7808.71435546875, 7811.40966796875, 7806.63232421875, 7806.75390625, 7806.9375, 7806.78076171875, 7806.9521484375, 7809.873046875, 7807.1708984375, 7807.0322265625, 7807.19873046875, 7806.01220703125, 7803.15966796875, 7804.88818359375, 7806.63720703125, 7806.75146484375, 7805.2802734375, 7807.5771484375, 7804.07421875, 7803.83447265625, 7802.974609375, 7804.8623046875, 7804.56396484375, 7805.54638671875, 7804.72900390625, 7801.86865234375, 7803.35302734375, 7804.125, 7804.126953125, 7803.578125, 7803.578125, 7802.0283203125, 7803.79150390625, 7803.57275390625, 7802.93603515625, 7800.92626953125, 7799.52197265625, 7802.3115234375, 7799.77880859375, 7799.9482421875, 7800.81396484375, 7799.89453125, 7802.44921875, 7800.208984375, 7800.7060546875, 7799.43994140625, 7800.1982421875, 7799.3662109375, 7797.15234375, 7797.91162109375, 7798.8427734375, 7800.8505859375, 7799.16259765625, 7799.04541015625, 7798.88037109375, 7799.5537109375, 7800.34033203125, 7800.78955078125, 7799.1884765625, 7797.4326171875, 7801.13134765625, 7799.10302734375, 7798.7001953125, 7798.39501953125, 7797.642578125, 7798.63671875, 7795.6923828125, 7799.619140625, 7796.36474609375, 7799.25, 7798.7109375, 7797.3076171875, 7796.615234375, 7796.63525390625, 7796.94775390625, 7797.41943359375, 7797.33251953125, 7793.509765625, 7796.3056640625, 7799.5771484375, 7794.404296875, 7796.5458984375, 7797.48486328125, 7794.8330078125, 7797.96875, 7795.763671875, 7798.16552734375, 7796.80908203125, 7795.0615234375, 7795.14111328125, 7797.0322265625, 7795.9970703125, 7795.18603515625, 7794.52734375, 7796.7548828125, 7793.30322265625, 7795.56787109375, 7796.453125, 7795.017578125, 7795.451171875, 7793.796875, 7794.0078125, 7794.84130859375, 7792.8095703125, 7793.103515625, 7794.2099609375, 7792.7626953125, 7792.2724609375, 7792.6455078125, 7793.34765625, 7794.52392578125, 7795.703125, 7791.8642578125, 7793.3818359375, 7791.50244140625, 7793.71826171875, 7791.365234375, 7791.46875, 7790.935546875, 7792.375, 7791.28173828125, 7792.26025390625, 7792.86669921875, 7793.044921875, 7793.04296875, 7794.00390625, 7792.0927734375, 7791.77490234375, 7790.44873046875, 7792.890625, 7791.3291015625, 7793.0537109375, 7792.2001953125, 7791.44287109375, 7790.4306640625, 7790.32421875, 7791.06396484375, 7789.69482421875, 7791.70458984375, 7790.21875, 7793.5263671875, 7791.0048828125, 7792.57373046875, 7791.177734375, 7791.34716796875, 7790.1494140625, 7791.15234375, 7790.15380859375, 7791.83447265625, 7792.12353515625, 7789.30224609375, 7790.6669921875, 7791.99169921875, 7791.84912109375, 7791.3857421875, 7789.423828125, 7789.892578125, 7791.5107421875, 7788.02880859375, 7788.98681640625, 7788.6171875, 7788.822265625, 7789.58984375, 7789.546875, 7790.462890625, 7791.681640625, 7789.92529296875, 7789.0859375, 7789.75830078125, 7789.2529296875, 7789.3955078125, 7789.57177734375, 7788.88134765625, 7789.265625, 7788.50634765625, 7789.15185546875, 7787.92041015625, 7788.48876953125, 7790.5732421875, 7790.4169921875, 7788.1845703125, 7790.06103515625, 7787.00390625, 7788.07373046875, 7791.91064453125, 7789.849609375, 7788.59765625, 7790.005859375, 7788.6513671875, 7784.54541015625, 7787.83935546875, 7787.85498046875, 7788.0234375, 7785.68017578125, 7785.6640625, 7786.9921875, 7786.33349609375, 7785.99853515625, 7787.40478515625, 7787.2822265625, 7785.8232421875, 7787.29541015625, 7787.73779296875, 7787.71435546875, 7788.45556640625, 7787.58056640625, 7788.3623046875, 7787.20849609375, 7786.2236328125, 7787.52001953125, 7785.208984375, 7786.9794921875, 7786.65234375, 7788.7353515625, 7787.19580078125, 7785.32763671875, 7787.66259765625, 7787.40869140625, 7786.73828125, 7787.37353515625, 7785.26025390625, 7785.2958984375, 7784.1484375, 7785.53857421875, 7783.81884765625, 7788.1845703125, 7787.89599609375, 7787.12841796875, 7785.58349609375, 7786.25830078125, 7786.13818359375, 7785.80859375]
