num_layers >>> 5

hidden_dim >>> 128

heads >>> 8

instance_size >>> 100

problem >>> TSP

dataset_size >>> 25000

batch_size >>> 50

epochs >>> 400

num_datasets >>> 40

task >>> RL

lr >>> 0.0001

scale_weights >>> True

data_distribution >>> EUC

final_node_layer >>> False

nodeless >>> True

augmentation_factor >>> 8

matnet >>> True

device >>> cuda

timestamp >>> 20250515_102718_3904787

pointerformer >>> False

criterion >>> None

asymmetric >>> False


Validation loss:[8517.017578125, 8505.603515625, 8510.2041015625, 8533.0673828125, 8304.8115234375, 8285.9619140625, 8235.4091796875, 8221.7509765625, 8202.541015625, 8199.0, 8113.240234375, 8091.51806640625, 8075.4296875, 8070.52197265625, 8059.33984375, 8050.43603515625, 8039.4658203125, 8044.8466796875, 8037.11474609375, 8030.79541015625, 8038.16162109375, 8027.3193359375, 8029.62939453125, 8027.23486328125, 8026.91796875, 8031.92333984375, 8023.646484375, 8019.82763671875, 8020.1494140625, 8019.3798828125, 8021.70947265625, 8021.4541015625, 8013.6416015625, 8008.259765625, 8010.908203125, 8016.9609375, 8011.60107421875, 8014.86181640625, 8011.28759765625, 8005.77587890625, 8006.7431640625, 8000.35693359375, 8002.76025390625, 8004.6689453125, 8007.056640625, 8011.109375, 7996.2080078125, 7998.3017578125, 7999.9873046875, 7996.30712890625, 7997.591796875, 8002.5849609375, 7997.5302734375, 7997.60400390625, 8003.90234375, 8006.3720703125, 7998.53857421875, 7998.2861328125, 7997.2275390625, 7999.68603515625, 7999.7568359375, 7995.81396484375, 7991.30615234375, 7993.55126953125, 7988.51904296875, 7991.673828125, 7988.5849609375, 7995.2919921875, 7992.2021484375, 7991.685546875, 7986.95458984375, 7989.2431640625, 7996.3779296875, 7985.81982421875, 7982.09619140625, 7996.22021484375, 7991.04345703125, 7990.7470703125, 7987.0341796875, 7993.673828125, 7990.484375, 7984.6416015625, 7979.08056640625, 7989.90625, 7988.85693359375, 7982.07080078125, 7987.97412109375, 7987.1455078125, 7978.146484375, 7983.5966796875, 7985.623046875, 7980.330078125, 7981.96337890625, 7977.193359375, 7979.8408203125, 7983.04150390625, 7978.9267578125, 7980.64892578125, 7977.8837890625, 7979.33447265625, 7973.01904296875, 7978.005859375, 7971.82080078125, 7973.95458984375, 7972.2890625, 7976.28857421875, 7972.24658203125, 7969.71337890625, 7969.9921875, 7966.42236328125, 7971.73876953125, 7974.80517578125, 7971.9365234375, 7975.76171875, 7973.96142578125, 7967.7275390625, 7968.9970703125, 7968.09814453125, 7971.779296875, 7968.091796875, 7969.796875, 7968.361328125, 7967.380859375, 7970.77392578125, 7959.21630859375, 7965.78369140625, 7970.45947265625, 7965.48388671875, 7966.576171875, 7967.587890625, 7964.4375, 7967.921875, 7956.96044921875, 7963.6611328125, 7956.3544921875, 7968.1416015625, 7969.15283203125, 7966.31005859375, 7965.234375, 7957.328125, 7963.41796875, 7965.10693359375, 7961.8037109375, 7962.59814453125, 7959.99267578125, 7962.779296875, 7962.16552734375, 7961.140625, 7958.59033203125, 7962.34228515625, 7961.37841796875, 7952.97705078125, 7956.64404296875, 7962.9150390625, 7958.74853515625, 7952.2568359375, 7958.21240234375, 7954.8466796875, 7960.61865234375, 7955.4697265625, 7952.32666015625, 7953.00390625, 7958.060546875, 7953.61376953125, 7952.78076171875, 7955.5625, 7955.22900390625, 7952.5517578125, 7953.765625, 7953.111328125, 7957.98388671875, 7960.025390625, 7950.595703125, 7951.84521484375, 7958.1396484375, 7955.99658203125, 7949.14404296875, 7952.95068359375, 7949.72607421875, 7954.9921875, 7945.83642578125, 7946.17236328125, 7948.61767578125, 7944.52783203125, 7948.615234375, 7949.53369140625, 7948.7666015625, 7943.3515625, 7948.25341796875, 7951.92578125, 7949.4365234375, 7947.20703125, 7955.22998046875, 7942.9189453125, 7941.0556640625, 7954.39599609375, 7948.3671875, 7946.80419921875, 7944.884765625, 7946.501953125, 7945.77734375, 7945.3486328125, 7943.4931640625, 7944.76611328125, 7940.787109375, 7945.58984375, 7943.14990234375, 7941.0546875, 7946.27734375, 7938.77685546875, 7942.66845703125, 7941.873046875, 7942.32568359375, 7939.7509765625, 7944.25341796875, 7935.81787109375, 7940.59375, 7938.62255859375, 7939.59716796875, 7934.2900390625, 7942.296875, 7943.7353515625, 7939.02099609375, 7940.78173828125, 7942.7890625, 7938.4150390625, 7935.90869140625, 7936.67626953125, 7936.859375, 7934.2587890625, 7935.36279296875, 7940.8154296875, 7938.08447265625, 7937.78271484375, 7938.642578125, 7931.48974609375, 7937.337890625, 7941.041015625, 7940.505859375, 7940.40283203125, 7930.00146484375, 7932.65234375, 7933.03076171875, 7936.8134765625, 7931.0205078125, 7940.0439453125, 7936.2666015625, 7934.744140625, 7933.06396484375, 7931.72314453125, 7933.9091796875, 7932.04345703125, 7930.57763671875, 7936.68896484375, 7929.630859375, 7930.9384765625, 7936.5830078125, 7932.2841796875, 7934.86474609375, 7927.62353515625, 7930.80322265625, 7931.64306640625, 7932.158203125, 7928.83154296875, 7932.3447265625, 7936.369140625, 7932.40625, 7928.84130859375, 7931.43310546875, 7927.0029296875, 7931.37109375, 7938.2353515625, 7929.53271484375, 7927.04150390625, 7928.9365234375, 7930.74462890625, 7931.51513671875, 7928.13330078125, 7930.64599609375, 7926.65087890625, 7928.9140625, 7924.9482421875, 7927.701171875, 7929.31201171875, 7935.29833984375, 7927.55810546875, 7928.1376953125, 7935.37890625, 7927.9970703125, 7929.39794921875, 7926.83349609375, 7927.2490234375, 7926.15234375, 7926.5283203125, 7927.6142578125, 7925.2568359375, 7926.3720703125, 7927.3291015625, 7927.58154296875, 7923.52099609375, 7924.685546875, 7925.431640625, 7928.693359375, 7926.88720703125, 7930.23681640625, 7921.3916015625, 7926.63720703125, 7925.23193359375, 7925.5830078125, 7922.595703125, 7924.1923828125, 7931.140625, 7927.05859375, 7919.806640625, 7921.5166015625, 7924.75537109375, 7924.64794921875, 7921.24365234375, 7926.6455078125, 7925.0048828125, 7922.17822265625, 7921.14208984375, 7920.5087890625, 7923.17333984375, 7923.5341796875, 7919.46630859375, 7925.7001953125, 7921.60302734375, 7925.00927734375, 7920.75, 7924.38818359375, 7923.82861328125, 7922.5947265625, 7925.16748046875, 7918.92626953125, 7921.8115234375, 7916.265625, 7922.3701171875, 7921.93359375, 7923.82763671875, 7918.6005859375, 7920.7275390625, 7921.76123046875, 7920.70849609375, 7922.380859375, 7919.615234375, 7919.99169921875, 7922.048828125, 7921.65478515625, 7918.70751953125, 7920.51220703125, 7919.1982421875, 7920.61279296875, 7919.54150390625, 7916.31591796875, 7917.71337890625, 7922.0537109375, 7919.22314453125, 7920.638671875, 7914.4970703125, 7918.18359375, 7922.60595703125, 7916.080078125, 7916.96875, 7918.1533203125, 7919.4560546875, 7919.4755859375, 7911.916015625, 7913.681640625, 7919.22705078125, 7918.1279296875, 7916.58642578125, 7921.31103515625, 7922.62744140625, 7917.314453125, 7920.9912109375, 7919.91650390625, 7916.93017578125, 7920.119140625, 7920.380859375, 7917.630859375, 7914.24853515625, 7919.9970703125, 7919.52001953125, 7917.89697265625, 7915.888671875, 7922.28955078125, 7919.6220703125, 7919.517578125, 7913.7568359375, 7915.9404296875, 7915.2626953125, 7913.09716796875, 7915.046875, 7911.728515625, 7913.9130859375, 7918.9638671875, 7913.51416015625, 7914.6826171875, 7914.9990234375]
