num_layers >>> 5

hidden_dim >>> 128

heads >>> 8

instance_size >>> 100

problem >>> TSP

dataset_size >>> 25000

batch_size >>> 50

epochs >>> 400

num_datasets >>> 40

task >>> RL

lr >>> 0.0001

scale_weights >>> True

data_distribution >>> XASY

final_node_layer >>> False

nodeless >>> True

augmentation_factor >>> 8

matnet >>> True

device >>> cuda

timestamp >>> 20250515_102744_2557693

pointerformer >>> False

criterion >>> None

asymmetric >>> True


Validation loss:[3221.626708984375, 3003.436767578125, 2986.236083984375, 2964.15185546875, 2971.47705078125, 2965.345458984375, 2972.5888671875, 2964.10009765625, 2989.28857421875, 2991.895751953125, 2973.620361328125, 3043.85107421875, 3037.489501953125, 3054.29931640625, 3012.866455078125, 3005.369384765625, 3001.0517578125, 2942.381591796875, 2904.162353515625, 2802.5263671875, 2895.270263671875, 2836.454833984375, 2807.6533203125, 2846.8076171875, 2812.247314453125, 2831.096435546875, 2930.99560546875, 2857.0595703125, 2869.7587890625, 2843.4794921875, 2911.832763671875, 2824.823486328125, 2813.6923828125, 2858.151611328125, 2879.6162109375, 2839.4013671875, 2826.19873046875, 2882.2890625, 2852.245849609375, 2874.66015625, 2855.678466796875, 2843.7265625, 2870.308837890625, 2844.739501953125, 2876.5166015625, 2798.350341796875, 2859.947021484375, 2870.078857421875, 2826.14013671875, 2848.06591796875, 2817.89453125, 2850.09619140625, 2836.581787109375, 2801.7548828125, 2823.433837890625, 2828.003173828125, 2834.114013671875, 2904.330810546875, 2880.2041015625, 2801.40966796875, 2849.498779296875, 2851.94580078125, 2827.5166015625, 2841.6533203125, 2840.015869140625, 2805.69091796875, 2865.983154296875, 2864.578857421875, 2834.05322265625, 2815.71142578125, 2837.61083984375, 2795.462158203125, 2810.980712890625, 2855.577880859375, 2821.529296875, 2826.992919921875, 2854.3505859375, 2799.04931640625, 2832.593994140625, 2849.154052734375, 2878.147216796875, 2842.188232421875, 2807.032470703125, 2819.087158203125, 2851.115478515625, 2843.142822265625, 2822.0859375, 2817.324462890625, 2807.609130859375, 2790.56396484375, 2843.4453125, 2850.743408203125, 2840.40283203125, 2853.385986328125, 2817.091552734375, 2797.69921875, 2815.638916015625, 2860.8583984375, 2808.93212890625, 2812.687255859375, 2812.93408203125, 2843.720458984375, 2808.016357421875, 2832.30859375, 2855.724365234375, 2836.80908203125, 2845.1162109375, 2865.7255859375, 2819.119384765625, 2828.13818359375, 2815.557861328125, 2848.9375, 2797.697998046875, 2871.63818359375, 2864.27783203125, 2827.32568359375, 2847.826171875, 2841.3857421875, 2788.922119140625, 2815.01904296875, 2815.569091796875, 2826.75634765625, 2819.993408203125, 2807.198974609375, 2817.0234375, 2838.78564453125, 2850.560546875, 2835.954833984375, 2818.26513671875, 2812.774658203125, 2802.901123046875, 2788.9931640625, 2798.958740234375, 2838.488525390625, 2837.6455078125, 2810.6025390625, 2832.154296875, 2858.2333984375, 2838.712646484375, 2799.185302734375, 2816.09814453125, 2824.3046875, 2846.076171875, 2811.1455078125, 2863.86962890625, 2805.16943359375, 2804.921875, 2830.997314453125, 2852.68359375, 2834.31103515625, 2820.4482421875, 2841.92822265625, 2819.422607421875, 2828.08349609375, 2835.40771484375, 2812.558349609375, 2849.5947265625, 2795.28759765625, 2848.4873046875, 2834.05126953125, 2842.5048828125, 2836.329833984375, 2810.75927734375, 2821.20654296875, 2834.08056640625, 2818.8779296875, 2825.17041015625, 2785.247802734375, 2813.05322265625, 2826.1015625, 2829.881103515625, 2824.91162109375, 2864.685791015625, 2841.651611328125, 2812.84033203125, 2791.227783203125, 2851.504638671875, 2812.896240234375, 2819.037841796875, 2817.10546875, 2840.3984375, 2814.2314453125, 2785.35546875, 2814.6806640625, 2809.489013671875, 2800.833740234375, 2793.408447265625, 2825.57763671875, 2824.4619140625, 2842.74609375, 2849.361328125, 2833.281005859375, 2820.11767578125, 2845.02392578125, 2829.218017578125, 2840.301025390625, 2894.177978515625, 2837.123046875, 2804.73583984375, 2834.518310546875, 2848.703857421875, 2859.691650390625, 2853.306640625, 2864.999755859375, 2857.06005859375, 2865.27490234375, 2840.1728515625, 2879.764404296875, 2844.1669921875, 2847.9853515625, 2862.80126953125, 2837.07763671875, 2833.536865234375, 2865.548828125, 2838.796630859375, 2858.675048828125, 2882.369384765625, 2844.218017578125, 2839.689697265625, 2843.10546875, 2844.37060546875, 2840.7392578125, 2853.944091796875, 2844.297607421875, 2810.166748046875, 2843.385498046875, 2845.972900390625, 2822.8583984375, 2844.18359375, 2845.225341796875, 2857.744384765625, 2860.941162109375, 2823.818115234375, 2832.02587890625, 2867.0703125, 2835.667236328125, 2812.03076171875, 2886.808349609375, 2862.7724609375, 2830.9892578125, 2849.12939453125, 2838.07666015625, 2837.1279296875, 2820.577392578125, 2833.2021484375, 2832.9296875, 2851.240966796875, 2870.156005859375, 2879.6318359375, 2838.067138671875, 2840.892578125, 2848.793212890625, 2836.611572265625, 2853.96630859375, 2866.255126953125, 2849.5595703125, 2833.264404296875, 2844.38623046875, 2841.0771484375, 2843.069091796875, 2865.01025390625, 2829.864990234375, 2826.805908203125, 2849.485107421875, 2837.1318359375, 2852.7646484375, 2813.5, 2814.830810546875, 2826.6455078125, 2852.980224609375, 2834.8212890625, 2849.52294921875, 2825.267822265625, 2815.369384765625, 2832.923828125, 2808.255615234375, 2856.038330078125, 2828.396484375, 2809.42041015625, 2846.641845703125, 2817.888671875, 2813.500244140625, 2816.990478515625, 2832.73876953125, 2835.689208984375, 2834.232421875, 2819.177001953125, 2816.404296875, 2795.135009765625, 2804.873779296875, 2818.401123046875, 2819.13525390625, 2815.610595703125, 2780.14453125, 2808.28955078125, 2819.40966796875, 2837.15185546875, 2828.8388671875, 2830.289794921875, 2835.507568359375, 2821.719482421875, 2797.02490234375, 2821.111572265625, 2849.807373046875, 2824.700927734375, 2827.673828125, 2820.36376953125, 2820.3955078125, 2831.61474609375, 2820.744384765625, 2824.1064453125, 2846.868408203125, 2798.380615234375, 2815.786865234375, 2839.494384765625, 2809.9404296875, 2801.36083984375, 2818.57958984375, 2792.573974609375, 2810.94921875, 2811.89501953125, 2796.21142578125, 2824.44677734375, 2803.5078125, 2836.52294921875, 2808.58935546875, 2797.655029296875, 2813.544677734375, 2810.5302734375, 2792.01611328125, 2810.396728515625, 2797.37255859375, 2779.42138671875, 2778.182373046875, 2802.22998046875, 2796.701416015625, 2789.91845703125, 2796.402587890625, 2799.497314453125, 2783.245849609375, 2779.2666015625, 2771.013916015625, 2774.9013671875, 2789.61279296875, 2786.009521484375, 2782.632080078125, 2791.709716796875, 2770.4287109375, 2757.02734375, 2782.171142578125, 2737.283935546875, 2758.836181640625, 2757.826904296875, 2765.866455078125, 2763.97021484375, 2755.2177734375, 2753.335205078125, 2736.65380859375, 2749.7021484375, 2742.95947265625, 2761.767822265625, 2750.70458984375, 2728.802001953125, 2733.0234375, 2747.1689453125, 2743.41064453125, 2704.35888671875, 2723.26171875, 2740.039794921875, 2708.286376953125, 2724.734375, 2704.72900390625, 2738.381591796875, 2718.470947265625, 2713.500244140625, 2687.448486328125, 2707.467041015625, 2709.092041015625, 2709.441162109375, 2714.329345703125, 2698.12060546875, 2696.348388671875, 2680.1162109375, 2710.403564453125, 2678.566162109375, 2704.4755859375, 2688.079833984375, 2710.53173828125, 2684.151123046875, 2693.873779296875, 2689.5390625, 2692.801025390625, 2691.58154296875, 2689.561767578125, 2661.909423828125, 2672.02734375, 2670.10986328125, 2683.326416015625, 2661.914306640625, 2670.068115234375]
