num_layers >>> 5

hidden_dim >>> 128

heads >>> 8

instance_size >>> 100

problem >>> TSP

dataset_size >>> 25000

batch_size >>> 50

epochs >>> 400

num_datasets >>> 40

task >>> RL

lr >>> 0.0001

scale_weights >>> True

data_distribution >>> TMAT

final_node_layer >>> False

nodeless >>> True

augmentation_factor >>> 8

matnet >>> True

device >>> cuda

timestamp >>> 20250515_102712_2103509

pointerformer >>> False

criterion >>> None

asymmetric >>> True


Validation loss:[13376.728515625, 13234.46875, 12809.9833984375, 11963.978515625, 11909.291015625, 11911.453125, 11898.236328125, 11889.0400390625, 11869.056640625, 11869.556640625, 11844.9775390625, 11848.4384765625, 11823.3486328125, 11833.953125, 11796.77734375, 11803.255859375, 11768.9619140625, 11780.244140625, 11741.673828125, 11778.990234375, 11783.263671875, 11754.6484375, 11760.57421875, 11785.427734375, 11786.7734375, 11794.841796875, 11767.4384765625, 11758.5986328125, 11720.900390625, 11743.6201171875, 11735.1201171875, 11737.2099609375, 11728.814453125, 11720.2890625, 11709.18359375, 11704.583984375, 11707.1875, 11711.6865234375, 11693.7734375, 11691.416015625, 11720.0166015625, 11700.1796875, 11709.935546875, 11662.1962890625, 11698.439453125, 11689.11328125, 11694.4189453125, 11673.3271484375, 11677.8994140625, 11697.20703125, 11678.7587890625, 11699.626953125, 11685.87109375, 11660.9169921875, 11663.2412109375, 11658.724609375, 11672.0, 11656.72265625, 11708.8623046875, 11666.7724609375, 11670.2568359375, 11670.3212890625, 11664.943359375, 11662.2783203125, 11656.775390625, 11648.044921875, 11687.2001953125, 11663.734375, 11657.1806640625, 11658.390625, 11657.02734375, 11676.9248046875, 11659.8740234375, 11671.859375, 11655.09375, 11677.7021484375, 11663.212890625, 11674.5458984375, 11669.494140625, 11671.078125, 11669.4384765625, 11679.669921875, 11668.9736328125, 11669.9931640625, 11662.044921875, 11675.1455078125, 11674.69921875, 11668.826171875, 11654.7177734375, 11670.6630859375, 11663.08203125, 11649.2724609375, 11654.44921875, 11640.4912109375, 11658.0390625, 11647.453125, 11645.3544921875, 11652.48828125, 11647.359375, 11679.87109375, 11628.03125, 11641.4443359375, 11643.4453125, 11624.171875, 11649.94921875, 11645.1865234375, 11632.236328125, 11629.4736328125, 11648.5146484375, 11624.9501953125, 11658.044921875, 11628.37109375, 11638.802734375, 11627.236328125, 11638.4248046875, 11625.03125, 11648.322265625, 11634.5888671875, 11623.0166015625, 11635.505859375, 11633.9697265625, 11619.45703125, 11624.5908203125, 11605.39453125, 11633.9951171875, 11615.5341796875, 11609.755859375, 11610.853515625, 11623.65625, 11620.0078125, 11632.80859375, 11619.58984375, 11619.091796875, 11620.783203125, 11604.46875, 11600.783203125, 11612.39453125, 11597.23046875, 11600.4296875, 11603.0419921875, 11636.7216796875, 11605.3251953125, 11581.9228515625, 11595.8505859375, 11599.1845703125, 11615.662109375, 11600.990234375, 11587.837890625, 11616.80078125, 11591.912109375, 11580.6337890625, 11599.5810546875, 11585.2421875, 11568.1328125, 11570.642578125, 11581.01171875, 11567.9404296875, 11572.4150390625, 11579.6015625, 11580.9814453125, 11582.3935546875, 11582.1875, 11592.1953125, 11577.490234375, 11571.03515625, 11555.1875, 11570.078125, 11576.2373046875, 11572.353515625, 11574.26171875, 11613.849609375, 11583.640625, 11563.2080078125, 11551.515625, 11557.7685546875, 11561.943359375, 11561.603515625, 11549.7373046875, 11567.3740234375, 11550.107421875, 11560.9599609375, 11560.685546875, 11560.09375, 11558.0751953125, 11559.53125, 11546.3388671875, 11561.8330078125, 11538.9716796875, 11557.154296875, 11577.8544921875, 11556.005859375, 11564.4375, 11556.2158203125, 11554.9052734375, 11552.0166015625, 11548.0029296875, 11565.794921875, 11555.443359375, 11529.9404296875, 11542.064453125, 11548.8212890625, 11542.521484375, 11528.322265625, 11547.564453125, 11540.4912109375, 11545.7978515625, 11544.85546875, 11533.1484375, 11524.7666015625, 11517.32421875, 11529.83984375, 11532.7900390625, 11512.9853515625, 11525.4326171875, 11537.072265625, 11529.4892578125, 11527.388671875, 11524.5205078125, 11518.5791015625, 11517.1611328125, 11521.3681640625, 11514.353515625, 11504.015625, 11518.85546875, 11525.6337890625, 11505.7060546875, 11524.0263671875, 11511.7998046875, 11504.546875, 11502.9736328125, 11516.4052734375, 11507.2529296875, 11490.9453125, 11503.2958984375, 11495.779296875, 11485.734375, 11494.884765625, 11495.685546875, 11489.0224609375, 11502.0712890625, 11483.5625, 11487.0048828125, 11476.0322265625, 11473.4111328125, 11470.0078125, 11487.5556640625, 11494.4814453125, 11494.94921875, 11485.5595703125, 11476.673828125, 11464.2275390625, 11473.6640625, 11464.1826171875, 11473.265625, 11456.46875, 11457.9755859375, 11464.517578125, 11468.4794921875, 11460.166015625, 11463.9453125, 11468.3955078125, 11459.6875, 11453.578125, 11452.802734375, 11440.857421875, 11455.3095703125, 11446.724609375, 11454.0048828125, 11438.7783203125, 11442.865234375, 11464.208984375, 11439.630859375, 11440.8173828125, 11440.01953125, 11434.0556640625, 11428.3701171875, 11439.0986328125, 11444.0244140625, 11432.009765625, 11434.1064453125, 11423.8740234375, 11439.1279296875, 11429.650390625, 11427.0927734375, 11409.9990234375, 11420.798828125, 11423.8291015625, 11426.25390625, 11421.875, 11408.197265625, 11424.380859375, 11421.103515625, 11409.171875, 11418.22265625, 11415.958984375, 11416.490234375, 11410.51171875, 11419.6337890625, 11419.84375, 11414.53515625, 11410.2275390625, 11403.837890625, 11403.8935546875, 11399.0029296875, 11397.783203125, 11412.4921875, 11389.0625, 11408.818359375, 11398.6318359375, 11389.681640625, 11400.439453125, 11396.005859375, 11400.509765625, 11393.1953125, 11385.3544921875, 11400.8994140625, 11399.4375, 11401.923828125, 11380.9658203125, 11392.43359375, 11378.7451171875, 11385.328125, 11388.3740234375, 11390.0986328125, 11390.109375, 11390.4921875, 11384.466796875, 11392.90234375, 11378.65625, 11377.6171875, 11382.587890625, 11372.50390625, 11372.6865234375, 11382.8857421875, 11373.388671875, 11370.37109375, 11372.17578125, 11367.5859375, 11367.091796875, 11365.29296875, 11367.4013671875, 11371.0029296875, 11369.3720703125, 11370.0029296875, 11374.6689453125, 11363.6015625, 11374.7314453125, 11373.1953125, 11350.94140625, 11360.8740234375, 11380.3857421875, 11359.943359375, 11357.42578125, 11371.9658203125, 11364.396484375, 11362.5859375, 11359.248046875, 11347.27734375, 11352.890625, 11363.06640625, 11351.9345703125, 11341.2333984375, 11369.1396484375, 11354.3515625, 11361.455078125, 11352.8388671875, 11339.876953125, 11349.724609375, 11341.7509765625, 11339.265625, 11343.9267578125, 11347.859375, 11350.7998046875, 11339.794921875, 11326.251953125, 11323.458984375, 11328.3837890625, 11323.7294921875, 11316.40234375, 11326.6572265625, 11322.2392578125, 11315.1142578125, 11314.78125, 11310.806640625, 11312.6923828125, 11324.96875, 11308.880859375, 11309.9814453125, 11308.712890625, 11299.92578125, 11297.244140625, 11307.2099609375, 11303.7412109375, 11296.3115234375, 11298.8876953125, 11298.638671875, 11295.7421875, 11294.23046875, 11296.1337890625, 11282.072265625]
