num_layers >>> 5

hidden_dim >>> 128

heads >>> 8

instance_size >>> 100

problem >>> TSP

dataset_size >>> 25000

batch_size >>> 50

epochs >>> 400

num_datasets >>> 40

task >>> RL

lr >>> 0.0001

scale_weights >>> True

data_distribution >>> EUC

final_node_layer >>> False

nodeless >>> False

augmentation_factor >>> 8

matnet >>> False

device >>> cuda

timestamp >>> 20250430_053037_111090

criterion >>> None

asymmetric >>> False


Validation loss:[8319.720703125, 8172.228515625, 8115.3017578125, 8081.37548828125, 8050.31591796875, 8005.421875, 7998.06787109375, 7981.94873046875, 7989.392578125, 7976.5859375, 7973.48046875, 7969.26025390625, 7967.57470703125, 7945.48779296875, 7947.2431640625, 7948.3701171875, 7941.06005859375, 7944.607421875, 7949.6484375, 7948.1083984375, 7940.1337890625, 7937.5439453125, 7951.708984375, 7932.57958984375, 7939.05029296875, 7935.10595703125, 7937.34814453125, 7934.94140625, 7931.45751953125, 7933.27490234375, 7937.43603515625, 7926.81005859375, 7933.5791015625, 7923.3017578125, 7928.7763671875, 7930.93017578125, 7935.05908203125, 7927.91064453125, 7921.1845703125, 7918.90185546875, 7912.4267578125, 7918.587890625, 7912.23193359375, 7913.03466796875, 7906.169921875, 7914.9912109375, 7910.85546875, 7920.7041015625, 7913.47119140625, 7917.59814453125, 7898.95361328125, 7911.92822265625, 7907.80712890625, 7909.84130859375, 7901.69189453125, 7899.5888671875, 7900.8408203125, 7897.037109375, 7891.2509765625, 7895.3115234375, 7907.6748046875, 7891.59228515625, 7894.2724609375, 7894.4052734375, 7890.4287109375, 7892.96240234375, 7896.23974609375, 7880.6640625, 7888.33837890625, 7889.5830078125, 7882.31884765625, 7886.00732421875, 7888.78076171875, 7892.2568359375, 7881.6953125, 7890.70263671875, 7884.24609375, 7881.21484375, 7891.0625, 7880.87939453125, 7881.33251953125, 7882.67333984375, 7879.79248046875, 7883.14501953125, 7881.27734375, 7885.6279296875, 7879.1064453125, 7879.46533203125, 7877.9912109375, 7879.142578125, 7881.07421875, 7885.0244140625, 7885.04931640625, 7875.7919921875, 7878.2763671875, 7877.673828125, 7870.92529296875, 7875.31640625, 7871.73583984375, 7879.61328125, 7879.111328125, 7875.07421875, 7874.6630859375, 7874.8642578125, 7874.6240234375, 7867.025390625, 7870.41748046875, 7865.72509765625, 7866.751953125, 7870.78466796875, 7875.04833984375, 7871.5849609375, 7865.537109375, 7872.6611328125, 7875.02783203125, 7867.4208984375, 7871.52587890625, 7866.9609375, 7868.267578125, 7868.626953125, 7880.33935546875, 7875.00048828125, 7875.2119140625, 7868.611328125, 7873.08349609375, 7891.6904296875, 7866.5869140625, 7873.5244140625, 7866.9921875, 7868.73046875, 7864.18603515625, 7864.63623046875, 7867.16748046875, 7866.337890625, 7861.53125, 7860.423828125, 7862.91650390625, 7861.62109375, 7862.767578125, 7863.75341796875, 7859.1884765625, 7862.0009765625, 7861.6640625, 7863.48583984375, 7864.38671875, 7866.171875, 7860.216796875, 7867.740234375, 7875.318359375, 7864.9619140625, 7861.6943359375, 7858.9443359375, 7860.96728515625, 7861.3291015625, 7860.25244140625, 7857.3427734375, 7860.59765625, 7855.93115234375, 7865.650390625, 7862.06689453125, 7866.2197265625, 7864.1337890625, 7862.51953125, 7859.8798828125, 7859.07666015625, 7863.09033203125, 7856.46728515625, 7854.873046875, 7857.34716796875, 7857.33544921875, 7854.70166015625, 7851.7138671875, 7856.36083984375, 7855.42529296875, 7851.4638671875, 7858.64697265625, 7855.6826171875, 7861.91162109375, 7858.1572265625, 7861.375, 7855.19970703125, 7854.08935546875, 7859.02490234375, 7853.9736328125, 7849.3056640625, 7860.4794921875, 7853.6494140625, 7850.99365234375, 7851.10205078125, 7848.2158203125, 7854.02880859375, 7852.38720703125, 7852.0166015625, 7847.9375, 7848.14404296875, 7847.3076171875, 7853.25048828125, 7857.79345703125, 7849.6376953125, 7849.49072265625, 7848.49462890625, 7852.31689453125, 7849.4189453125, 7848.8505859375, 7847.98486328125, 7844.732421875, 7846.42578125, 7845.02685546875, 7863.3310546875, 7849.6669921875, 7845.3876953125, 7846.26953125, 7847.58837890625, 7844.50146484375, 7846.00048828125, 7846.01123046875, 7846.626953125, 7849.6279296875, 7850.96240234375, 7850.947265625, 7844.02001953125, 7844.02783203125, 7846.59814453125, 7842.50634765625, 7848.58056640625, 7844.81494140625, 7843.86376953125, 7849.89599609375, 7848.71240234375, 7843.2197265625, 7846.4521484375, 7845.8271484375, 7843.06689453125, 7843.9853515625, 7842.443359375, 7841.43701171875, 7841.5029296875, 7842.98583984375, 7847.54296875, 7844.337890625, 7847.42578125, 7840.4716796875, 7846.82373046875, 7843.7119140625, 7844.57763671875, 7843.59814453125, 7841.2578125, 7839.958984375, 7840.6474609375, 7842.60107421875, 7839.34716796875, 7841.5595703125, 7846.8466796875, 7845.3486328125, 7844.8935546875, 7844.228515625, 7844.45068359375, 7841.66259765625, 7847.63232421875, 7842.39599609375, 7840.99951171875, 7841.08349609375, 7840.076171875, 7839.65185546875, 7839.87451171875, 7844.3115234375, 7842.544921875, 7843.36572265625, 7842.13525390625, 7842.376953125, 7837.74072265625, 7837.947265625, 7838.1708984375, 7837.3837890625, 7837.91748046875, 7839.3662109375, 7839.390625, 7838.435546875, 7840.5, 7840.58984375, 7836.7685546875, 7838.70849609375, 7838.228515625, 7837.4921875, 7838.0673828125, 7836.1650390625, 7843.05224609375, 7840.984375, 7839.1318359375, 7836.43017578125, 7835.73193359375, 7837.75, 7836.9892578125, 7839.01123046875, 7837.51513671875, 7839.62841796875, 7836.00048828125, 7833.8115234375, 7837.40283203125, 7838.87939453125, 7836.4453125, 7839.4873046875, 7832.37158203125, 7833.80810546875, 7836.0224609375, 7834.9306640625, 7840.7646484375, 7843.62060546875, 7834.5400390625, 7841.126953125, 7835.990234375, 7839.40771484375, 7835.81396484375, 7837.26953125, 7840.23046875, 7835.0419921875, 7835.287109375, 7836.93310546875, 7835.72607421875, 7834.70361328125, 7837.42431640625, 7835.5224609375, 7832.54931640625, 7837.74462890625, 7840.46923828125, 7835.98583984375, 7839.1884765625, 7834.357421875, 7831.32421875, 7836.44287109375, 7838.9599609375, 7841.833984375, 7838.97998046875, 7835.85498046875, 7837.30078125, 7832.521484375, 7831.2265625, 7834.53759765625, 7835.326171875, 7833.5400390625, 7835.27392578125, 7833.51318359375, 7832.68701171875, 7833.05859375, 7834.98486328125, 7833.3994140625, 7833.82080078125, 7836.0283203125, 7834.1708984375, 7832.7265625, 7849.13427734375, 7834.59765625, 7837.9677734375, 7832.107421875, 7837.7509765625, 7833.04833984375, 7840.52734375, 7838.66796875, 7835.35986328125, 7834.70166015625, 7839.49560546875, 7834.69775390625, 7835.43994140625, 7834.373046875, 7836.2060546875, 7837.7177734375, 7838.47509765625, 7832.203125, 7840.43115234375, 7840.27978515625, 7840.841796875, 7844.5986328125, 7839.6171875, 7839.08154296875, 7835.2646484375, 7840.705078125, 7837.2646484375, 7839.69970703125, 7838.060546875, 7836.70361328125, 7836.86279296875, 7839.2734375, 7833.9248046875, 7834.71142578125, 7834.599609375, 7833.45458984375, 7833.486328125, 7833.0908203125, 7833.71728515625, 7835.45849609375, 7834.73876953125, 7835.5361328125, 7836.17431640625, 7837.99609375, 7839.58740234375, 7831.90380859375, 7831.521484375, 7833.01806640625, 7832.5107421875, 7834.25048828125]
