num_layers >>> 5

hidden_dim >>> 128

heads >>> 8

instance_size >>> 100

problem >>> TSP

dataset_size >>> 25000

batch_size >>> 50

epochs >>> 400

num_datasets >>> 40

task >>> RL

lr >>> 0.0001

scale_weights >>> True

data_distribution >>> MIX

final_node_layer >>> False

nodeless >>> False

augmentation_factor >>> 8

matnet >>> False

device >>> cuda

timestamp >>> 20250427_133219_30671

criterion >>> None

asymmetric >>> True


Validation loss:[8505.5009765625, 8511.5283203125, 8487.736328125, 8509.2880859375, 8478.98046875, 8485.8125, 8472.2080078125, 8457.826171875, 8455.009765625, 8467.9599609375, 8454.033203125, 8468.8349609375, 8440.5791015625, 8485.984375, 8449.4453125, 7904.93505859375, 7666.87548828125, 7593.6796875, 7663.26171875, 7602.5615234375, 7558.1494140625, 7530.4658203125, 7571.5712890625, 7579.73388671875, 7589.638671875, 7563.66162109375, 7545.91943359375, 7534.8037109375, 7544.92919921875, 7554.31103515625, 7551.4365234375, 7548.56640625, 7530.947265625, 7557.39306640625, 7578.29052734375, 7554.072265625, 7553.74755859375, 7531.34619140625, 7551.8349609375, 7555.5205078125, 7512.68798828125, 7490.70654296875, 7513.7802734375, 7515.67236328125, 7520.470703125, 7528.2392578125, 7474.294921875, 7550.08935546875, 7525.1298828125, 7491.37451171875, 7534.0302734375, 7512.5654296875, 7499.97705078125, 7500.2001953125, 7521.220703125, 7475.52001953125, 7446.37744140625, 7464.98291015625, 7451.267578125, 7418.26171875, 7392.65087890625, 7411.23583984375, 7377.27880859375, 7411.56884765625, 7479.830078125, 7488.96435546875, 7435.791015625, 7368.09228515625, 7342.96484375, 7401.890625, 7312.88134765625, 7290.5546875, 7260.5732421875, 7249.45849609375, 7265.2490234375, 7221.373046875, 7198.52978515625, 7225.5888671875, 7201.9189453125, 7177.41943359375, 7186.2216796875, 7176.07470703125, 7164.13037109375, 7150.337890625, 7113.9287109375, 7108.52294921875, 7123.14697265625, 7113.18896484375, 8588.7421875, 8503.552734375, 8592.0859375, 8570.6923828125, 8514.0078125, 8459.208984375, 8465.654296875, 8490.5390625, 7696.88330078125, 7636.7412109375, 7658.30078125, 7647.34912109375, 7588.01708984375, 7546.81884765625, 7565.7939453125, 7532.24267578125, 7542.771484375, 7537.88232421875, 7567.89697265625, 7574.97021484375, 7561.4130859375, 7515.05859375, 7527.45458984375, 7559.60498046875, 7526.763671875, 7548.9912109375, 7556.17236328125, 7564.61376953125, 7588.84375, 7635.8662109375, 7546.111328125, 7573.7939453125, 7576.1923828125, 7583.4150390625, 7552.814453125, 7530.16162109375, 7568.740234375, 7547.68212890625, 7546.953125, 7595.16748046875, 7564.0703125, 7564.599609375, 7566.4931640625, 7517.13330078125, 7578.9228515625, 7612.6318359375, 7577.46728515625, 7534.65625, 7517.2509765625, 7521.72216796875, 7522.19580078125, 7544.298828125, 7590.84326171875, 7511.92333984375, 7509.28857421875, 7522.4365234375, 7514.11181640625, 7511.1181640625, 7548.787109375, 7557.44580078125, 7517.21533203125, 7518.365234375, 7507.9482421875, 7494.2138671875, 7513.50341796875, 7509.22021484375, 7519.4443359375, 7502.05126953125, 7495.3623046875, 7506.9345703125, 7500.4306640625, 7479.625, 7493.53271484375, 7488.1875, 7487.8583984375, 7535.8818359375, 7509.9892578125, 7498.6689453125, 7502.49755859375, 7489.88427734375, 7496.345703125, 7488.958984375, 7484.38134765625, 7479.083984375, 7490.19677734375, 7481.9375, 7461.20361328125, 7459.162109375, 7494.6171875, 7474.5009765625, 7471.951171875, 7476.30029296875, 7441.50341796875, 7459.07470703125, 7468.72265625, 7452.56591796875, 7473.6181640625, 7463.28125, 7460.51513671875, 7448.92919921875, 7454.8955078125, 7428.96044921875, 7422.6201171875, 7407.7099609375, 7427.44287109375, 7399.330078125, 7421.47998046875, 7385.0078125, 7396.779296875, 7361.4921875, 7329.72412109375, 7338.59033203125, 7301.78955078125, 7296.4970703125, 7278.39208984375, 7247.99951171875, 7206.8203125, 7213.12109375, 7179.46826171875, 7183.9990234375, 7178.150390625, 7158.04345703125, 7154.52978515625, 7151.3310546875, 7137.27197265625, 7146.39306640625, 7134.87255859375, 7146.041015625, 7113.88232421875, 7126.90380859375, 7125.12890625, 7129.74951171875, 7141.72216796875, 7180.95068359375, 7140.1044921875, 7120.5869140625, 7114.71142578125, 7117.1962890625, 7115.2509765625, 7124.00146484375, 7115.8095703125, 7126.650390625, 7110.31298828125, 7131.58154296875, 7188.806640625, 7097.2080078125, 7108.6953125, 7103.7021484375, 7121.8388671875, 7097.08642578125, 7090.5244140625, 7116.93505859375, 7101.83984375, 7099.50537109375, 7094.74609375, 7101.01416015625, 7107.3896484375, 7104.50390625, 7091.39404296875, 7130.9130859375, 7101.177734375, 7089.56103515625, 7118.091796875, 7079.7666015625, 7087.2880859375, 7101.37451171875, 7101.169921875, 7106.57080078125, 7081.70166015625, 7095.03173828125, 7094.0009765625, 7080.90283203125, 7095.97119140625, 7105.4560546875, 7096.0712890625, 7071.4228515625, 7065.24755859375, 7095.185546875, 7080.17578125, 7091.9208984375, 7070.7763671875, 7092.0078125, 7090.2529296875, 8402.0830078125, 7119.173828125, 7081.69482421875, 7079.2431640625, 7098.22900390625, 7085.232421875, 7072.1484375, 7088.9853515625, 7068.52099609375, 7089.671875, 7115.8994140625, 7092.26708984375, 7069.7919921875, 7083.375, 7084.01953125, 7063.56103515625, 7094.53466796875, 7091.3369140625, 7099.9189453125, 7092.8828125, 7073.89208984375, 7091.9892578125, 7073.33251953125, 7083.41015625, 7116.4423828125, 7079.791015625, 7102.912109375, 7077.70654296875, 7110.921875, 7109.57421875, 7054.04443359375, 7085.00146484375, 7089.71923828125, 7117.83349609375, 7083.4921875, 7065.75048828125, 7103.25146484375, 7072.443359375, 7114.248046875, 7059.8349609375, 7080.0703125, 7084.26123046875, 7055.0791015625, 7080.32763671875, 7086.92431640625, 7093.67919921875, 7090.640625, 7091.9990234375, 7079.744140625, 7086.18017578125, 7064.7197265625, 7089.2568359375, 7081.0302734375, 7072.89013671875, 7091.5703125, 7077.31591796875, 7130.9931640625, 7092.38720703125, 7090.7841796875, 7089.6796875, 7079.9638671875, 7081.724609375, 7085.64013671875, 7081.951171875, 7079.17626953125, 7072.21728515625, 7073.60302734375, 7090.0595703125, 7083.57080078125, 7065.5478515625, 7089.7236328125, 7084.47216796875, 7071.46484375, 7075.57568359375, 7080.02978515625, 7107.27490234375, 7041.9033203125, 7051.9970703125, 7095.111328125, 7085.740234375, 7107.54052734375, 7060.88720703125, 7069.5576171875, 7075.16748046875, 7067.6552734375, 7062.31494140625, 7070.75634765625, 7061.443359375, 7081.23876953125, 7074.21337890625, 7067.7978515625, 7061.970703125, 7071.85205078125, 7071.5009765625, 7064.57373046875, 7065.56884765625, 7067.93603515625, 7054.60595703125, 7043.384765625, 7069.462890625, 7095.396484375, 7068.2548828125, 7052.451171875, 7062.81201171875, 7079.59912109375, 7065.71044921875, 7061.68603515625, 7769.67919921875, 7687.77783203125, 7620.236328125, 7573.24462890625, 7585.9111328125, 7555.21923828125, 7563.7587890625, 7620.42236328125, 7611.5791015625, 7591.3505859375, 7587.60986328125, 7645.10107421875, 7510.8837890625, 7524.5556640625, 7596.13330078125, 7773.93798828125, 7541.82568359375, 7849.4365234375, 7514.26220703125, 7605.8623046875, 8135.7197265625, 7790.712890625]
