num_layers >>> 5

hidden_dim >>> 128

heads >>> 8

instance_size >>> 100

problem >>> TSP

dataset_size >>> 25000

batch_size >>> 50

epochs >>> 400

num_datasets >>> 40

task >>> RL

lr >>> 0.0001

scale_weights >>> True

data_distribution >>> XASY

final_node_layer >>> False

nodeless >>> True

augmentation_factor >>> 8

matnet >>> False

device >>> cuda

timestamp >>> 20250418_030126_899746

criterion >>> None

asymmetric >>> True


Validation loss:[2391.913330078125, 2343.285888671875, 2317.640625, 2476.961181640625, 2535.909423828125, 2577.723388671875, 2369.176513671875, 2368.0986328125, 2292.2734375, 2296.96630859375, 2362.421142578125, 2588.50244140625, 2316.643310546875, 2320.364990234375, 2304.20361328125, 2300.120849609375, 2364.30224609375, 2451.5595703125, 2544.95458984375, 2354.65673828125, 2304.57568359375, 2335.81103515625, 2412.062255859375, 2366.245361328125, 2301.873291015625, 2313.97265625, 2404.20751953125, 2581.237548828125, 2309.48974609375, 2301.1591796875, 2392.803955078125, 2466.0732421875, 2275.39208984375, 2286.7373046875, 2278.53759765625, 2297.69970703125, 2312.894287109375, 2294.3779296875, 2244.926025390625, 2273.658203125, 2262.422607421875, 2353.359130859375, 2258.45703125, 2284.401611328125, 2240.409912109375, 2359.737060546875, 2223.184326171875, 2232.056396484375, 2280.917236328125, 2280.20947265625, 2232.45751953125, 2410.3818359375, 2213.2021484375, 2221.524169921875, 2307.07470703125, 2242.6669921875, 2239.869873046875, 2286.260986328125, 2229.076904296875, 2274.957763671875, 2184.605712890625, 2198.3740234375, 2212.611328125, 2187.281005859375, 2229.3037109375, 2226.526123046875, 2197.47802734375, 2194.8740234375, 2328.397705078125, 2238.769287109375, 2156.713134765625, 2171.207763671875, 2224.89404296875, 2190.19775390625, 2178.66455078125, 2211.171630859375, 2180.4033203125, 2171.6669921875, 2141.582763671875, 2169.589111328125, 2129.70458984375, 2150.52978515625, 2202.235107421875, 2158.32666015625, 2122.4169921875, 2126.68310546875, 2183.56298828125, 2170.953369140625, 2130.296142578125, 2122.74267578125, 2156.111328125, 2134.3310546875, 2116.724609375, 2113.23876953125, 2093.380859375, 2105.706787109375, 2098.975341796875, 2087.388427734375, 2063.23388671875, 2075.37158203125, 2088.25244140625, 2074.57373046875, 2081.955810546875, 2054.19970703125, 2062.210693359375, 2085.867919921875, 2077.629638671875, 2049.11181640625, 2047.80029296875, 2064.925537109375, 2051.502685546875, 2066.133544921875, 2058.80712890625, 2085.10498046875, 2044.873046875, 2060.90283203125, 2056.38525390625, 2058.052001953125, 2033.2103271484375, 2070.799560546875, 2023.0682373046875, 2071.4423828125, 2049.572509765625, 2041.58544921875, 2070.283447265625, 2068.042236328125, 2042.16162109375, 2045.154052734375, 2041.3255615234375, 2027.476806640625, 2074.10107421875, 2032.865234375, 2054.163330078125, 2028.9049072265625, 2030.6175537109375, 2040.8616943359375, 2041.8748779296875, 2064.088623046875, 2025.5648193359375, 2026.1734619140625, 2035.999267578125, 2053.862060546875, 2034.0543212890625, 2057.24072265625, 2034.9112548828125, 2073.6767578125, 2049.302978515625, 2037.384033203125, 2053.957763671875, 2035.6396484375, 2030.0067138671875, 2051.75927734375, 2040.503662109375, 2035.26513671875, 2060.207763671875, 2020.559814453125, 2037.7685546875, 2026.08642578125, 2071.41943359375, 2044.59228515625, 2022.6566162109375, 2031.6787109375, 2036.800048828125, 2025.1597900390625, 2027.7586669921875, 2045.4454345703125, 2030.8638916015625, 2036.4766845703125, 2025.9215087890625, 2022.1644287109375, 2022.330322265625, 2027.8780517578125, 2040.0709228515625, 2043.3001708984375, 2041.7257080078125, 2043.744384765625, 2048.23046875, 2021.998046875, 2034.668701171875, 2012.4140625, 2035.4727783203125, 2054.82568359375, 2034.0677490234375, 2039.9669189453125, 2052.978759765625, 2041.3629150390625, 2053.091796875, 2016.158935546875, 2041.038818359375, 2026.0537109375, 2046.5513916015625, 2025.134033203125, 2039.1685791015625, 2031.4840087890625, 2035.4266357421875, 2030.525390625, 2034.334716796875, 2026.07421875, 2028.792236328125, 2059.673095703125, 2024.400390625, 2020.3619384765625, 2028.4998779296875, 2025.2982177734375, 2043.7239990234375, 2023.2301025390625, 2020.8516845703125, 2035.8712158203125, 2013.7926025390625, 2027.5882568359375, 2028.27783203125, 2016.1099853515625, 2041.2803955078125, 2022.707763671875, 2036.2880859375, 2013.4466552734375, 2029.9268798828125, 2063.93017578125, 2024.09814453125, 2016.585693359375, 2035.1131591796875, 2018.3948974609375, 2024.7236328125, 2031.3397216796875, 2029.1090087890625, 2021.8306884765625, 2015.8367919921875, 2031.870361328125, 2090.22607421875, 2041.56689453125, 2031.056884765625, 2029.2332763671875, 2039.1728515625, 2021.172119140625, 2030.66162109375, 2037.7479248046875, 2030.6824951171875, 2038.93505859375, 2019.0982666015625, 2011.3671875, 2037.2845458984375, 2034.809814453125, 2013.415283203125, 2013.21728515625, 2031.260498046875, 2028.5059814453125, 2023.3431396484375, 2022.518798828125, 2036.6966552734375, 2018.9385986328125, 2016.461181640625, 2064.62353515625, 2013.5770263671875, 2023.7587890625, 2043.876953125, 2041.2677001953125, 2039.100341796875, 2007.3887939453125, 2009.2264404296875, 2009.88623046875, 2009.5262451171875, 2003.6400146484375, 2019.715576171875, 2022.1365966796875, 2009.6553955078125, 2050.18505859375, 2001.5943603515625, 2014.676513671875, 2017.7261962890625, 2014.7574462890625, 2022.1240234375, 2028.410400390625, 2032.1517333984375, 1992.9022216796875, 2030.862060546875, 2086.059326171875, 2008.30224609375, 2021.918701171875, 2022.56787109375, 2048.89501953125, 2021.304931640625, 2023.18408203125, 2072.30029296875, 2016.082763671875, 2007.608154296875, 2016.14990234375, 2012.5164794921875, 2020.895263671875, 2049.369873046875, 2020.4765625, 2031.6014404296875, 2004.1954345703125, 2007.885498046875, 2056.31201171875, 2049.1240234375, 2017.556396484375, 2003.34228515625, 2004.05712890625, 2027.761474609375, 2013.7252197265625, 2044.734130859375, 2038.22998046875, 2080.85595703125, 2019.879150390625, 2007.96728515625, 2018.805419921875, 2046.1776123046875, 2010.6162109375, 2036.8663330078125, 2117.916259765625, 2026.0606689453125, 2048.27001953125, 2023.5218505859375, 2061.442626953125, 2017.588623046875, 2006.408447265625, 2024.6297607421875, 2007.6756591796875, 2097.189453125, 2024.0390625, 2019.8494873046875, 2008.2623291015625, 1999.521240234375, 2008.2647705078125, 2026.75, 2019.7642822265625, 2013.36767578125, 2007.71142578125, 2027.590576171875, 1989.3604736328125, 2010.155029296875, 2019.9464111328125, 2023.9580078125, 2029.918701171875, 2013.857421875, 2046.0169677734375, 2005.183837890625, 2020.28173828125, 2010.6070556640625, 2003.613525390625, 2009.40283203125, 2014.0347900390625, 2016.025390625, 2021.081298828125, 2001.4825439453125, 2020.1949462890625, 2024.6790771484375, 2047.4478759765625, 2030.999267578125, 2077.373291015625, 1987.299560546875, 2029.47021484375, 2008.052001953125, 2053.46630859375, 2008.089599609375, 2069.61767578125, 2023.2191162109375, 2010.0770263671875, 2012.6993408203125, 2016.618896484375, 2011.8719482421875, 2029.795654296875, 2050.632568359375, 2016.0875244140625, 2030.8197021484375, 2015.578369140625, 2011.410888671875, 2015.139892578125, 2020.6141357421875, 2035.564208984375, 2013.74560546875, 2039.5994873046875, 2032.368408203125, 2033.480224609375, 1994.134033203125, 2035.22509765625, 2009.18115234375, 2075.53125, 2035.8092041015625, 2025.138916015625, 2014.5736083984375, 2006.2083740234375, 2015.8951416015625, 2004.27392578125, 2061.174072265625, 2054.255615234375, 2007.5126953125, 2011.5367431640625, 2044.7935791015625, 2021.3807373046875, 2045.373046875, 2026.4595947265625, 2006.697265625, 2026.151123046875, 2008.453369140625, 1997.8331298828125, 1999.4107666015625, 2015.837158203125, 2003.4384765625, 2043.993408203125]
