num_layers >>> 5

hidden_dim >>> 128

heads >>> 8

instance_size >>> 100

problem >>> TSP

dataset_size >>> 25000

batch_size >>> 50

epochs >>> 400

num_datasets >>> 40

task >>> RL

lr >>> 0.0001

scale_weights >>> True

data_distribution >>> TMAT

final_node_layer >>> False

nodeless >>> True

augmentation_factor >>> 8

matnet >>> False

device >>> cuda

timestamp >>> 20250417_233308_3268437

criterion >>> None

asymmetric >>> True


Validation loss:[11390.30859375, 11341.84765625, 11347.345703125, 11348.388671875, 11329.9306640625, 11348.578125, 11328.5341796875, 11367.6513671875, 11311.8955078125, 11340.95703125, 11385.1083984375, 11419.4892578125, 11358.1669921875, 11382.572265625, 11353.37109375, 11332.1513671875, 11344.021484375, 11330.33984375, 11315.06640625, 11333.7451171875, 11370.8037109375, 11357.25390625, 11308.8837890625, 11374.4326171875, 11376.73828125, 11340.576171875, 11349.4443359375, 11313.271484375, 11295.5693359375, 11311.111328125, 11327.2490234375, 11311.8349609375, 11300.3076171875, 11290.2880859375, 11300.0693359375, 11296.548828125, 11281.814453125, 11313.38671875, 11278.4208984375, 11277.48046875, 11288.1044921875, 11295.7490234375, 11330.5556640625, 11328.916015625, 11314.140625, 11314.748046875, 11318.498046875, 11311.23046875, 11326.6611328125, 11313.6552734375, 11322.93359375, 11308.37109375, 11306.74609375, 11326.080078125, 11304.6943359375, 11302.2373046875, 11296.8818359375, 11341.7822265625, 11340.1484375, 11330.3955078125, 11340.6748046875, 11315.3505859375, 11300.595703125, 11294.1474609375, 11457.9296875, 11303.0361328125, 11324.9169921875, 11291.134765625, 11317.6630859375, 11290.740234375, 11340.7265625, 11324.1953125, 11318.548828125, 11292.9609375, 11294.2099609375, 11276.1953125, 11251.2080078125, 11271.3837890625, 11286.830078125, 11280.8466796875, 11319.7373046875, 11268.5908203125, 11280.021484375, 11261.2216796875, 11253.939453125, 11253.62109375, 11318.990234375, 11242.974609375, 11237.9853515625, 11237.5341796875, 11239.6826171875, 11226.56640625, 11239.05859375, 11254.1435546875, 11282.125, 11256.470703125, 11259.009765625, 11252.287109375, 11231.0439453125, 11235.9775390625, 11230.95703125, 11219.16796875, 11321.458984375, 11282.931640625, 11264.962890625, 11265.3505859375, 11297.7412109375, 11262.228515625, 11245.232421875, 11280.2216796875, 11234.5947265625, 11197.359375, 11211.01953125, 11185.359375, 11181.3740234375, 11176.494140625, 11194.8984375, 11213.42578125, 11216.9140625, 11199.1953125, 11195.1142578125, 11186.6142578125, 11201.392578125, 11189.7138671875, 11205.67578125, 11178.548828125, 11182.240234375, 11174.091796875, 11173.958984375, 11223.1533203125, 11209.7314453125, 11181.4951171875, 11173.806640625, 11170.181640625, 11173.16015625, 11169.076171875, 11190.2158203125, 11186.478515625, 11215.431640625, 11211.6806640625, 11239.3486328125, 11205.4951171875, 11187.548828125, 11184.0634765625, 11181.544921875, 11206.6123046875, 11203.08984375, 11175.919921875, 11189.94140625, 11201.771484375, 11191.9267578125, 11173.6015625, 11201.642578125, 11185.2919921875, 11189.0439453125, 11204.6943359375, 11200.984375, 11183.2724609375, 11164.625, 11165.505859375, 11158.8037109375, 11188.4697265625, 11172.8779296875, 11168.095703125, 11153.6982421875, 11142.720703125, 11151.1533203125, 11153.744140625, 11178.806640625, 11173.21875, 11152.337890625, 11155.4267578125, 11145.39453125, 11134.6416015625, 11149.2802734375, 11153.5234375, 11133.546875, 11153.033203125, 11120.0087890625, 11129.4423828125, 11121.521484375, 11124.87109375, 11125.12109375, 11112.0849609375, 11121.5732421875, 11127.3310546875, 11117.1494140625, 11118.078125, 11112.5830078125, 11111.6494140625, 11118.255859375, 11116.2822265625, 11115.60546875, 11134.3349609375, 11121.1162109375, 11129.498046875, 11120.341796875, 11123.3427734375, 11105.1240234375, 11122.19140625, 11121.7861328125, 11116.3515625, 11123.0869140625, 11111.4033203125, 11107.1728515625, 11116.53125, 11119.0673828125, 11088.6455078125, 11105.3583984375, 11102.6865234375, 11092.0439453125, 11104.087890625, 11118.109375, 11122.28515625, 11098.9541015625, 11099.87109375, 11109.712890625, 11085.3720703125, 11103.6240234375, 11110.0166015625, 11092.4638671875, 11116.603515625, 11095.716796875, 11096.345703125, 11101.6279296875, 11107.8427734375, 11089.3271484375, 11093.4384765625, 11087.728515625, 11097.7568359375, 11104.060546875, 11093.7529296875, 11090.7353515625, 11088.95703125, 11089.98046875, 11090.15234375, 11095.537109375, 11106.83984375, 11089.302734375, 11146.9619140625, 11127.24609375, 11117.83984375, 11119.48828125, 11095.5537109375, 11104.408203125, 11099.72265625, 11094.208984375, 11090.6337890625, 11080.365234375, 11080.4521484375, 11076.025390625, 11072.263671875, 11090.744140625, 11078.982421875, 11076.40234375, 11083.2607421875, 11071.7705078125, 11111.9736328125, 11078.5146484375, 11100.12890625, 11101.9306640625, 11074.3505859375, 11085.4287109375, 11080.841796875, 11073.23046875, 11099.5703125, 11101.0439453125, 11083.3203125, 11086.201171875, 11078.5654296875, 11075.1025390625, 11065.81640625, 11087.5205078125, 11081.5908203125, 11083.2861328125, 11097.416015625, 11084.46484375, 11080.6748046875, 11076.998046875, 11087.1767578125, 11065.49609375, 11083.4228515625, 11071.1943359375, 11070.2353515625, 11070.15625, 11079.47265625, 11053.2861328125, 11065.970703125, 11072.9462890625, 11066.00390625, 11058.0498046875, 11075.9453125, 11070.2587890625, 11071.8681640625, 11054.0341796875, 11071.5634765625, 11052.857421875, 11048.2919921875, 11050.0478515625, 11052.0087890625, 11049.21875, 11050.2373046875, 11049.025390625, 11045.9375, 11049.390625, 11043.185546875, 11060.2783203125, 11056.7666015625, 11041.8076171875, 11051.2353515625, 11052.2333984375, 11050.3564453125, 11039.673828125, 11039.2431640625, 11049.7353515625, 11040.748046875, 11035.19140625, 11040.4296875, 11037.8349609375, 11058.427734375, 11059.16015625, 11044.01171875, 11031.0654296875, 11032.208984375, 11030.486328125, 11026.625, 11033.25, 11038.78125, 11062.521484375, 11061.9892578125, 11040.72265625, 11050.4619140625, 11052.2802734375, 11038.72265625, 11040.5625, 11034.767578125, 11035.642578125, 11039.5888671875, 11049.43359375, 11028.2373046875, 11025.5732421875, 11027.798828125, 11033.720703125, 11022.4013671875, 11038.0888671875, 11028.580078125, 11032.7197265625, 11020.3115234375, 11042.0830078125, 11021.9326171875, 11027.6982421875, 11024.744140625, 11031.21484375, 11023.4404296875, 11029.8994140625, 11032.2861328125, 11032.5546875, 11026.6865234375, 11014.49609375, 11031.8037109375, 11033.87890625, 11037.267578125, 11039.7177734375, 11013.443359375, 11036.52734375, 11029.3974609375, 11036.845703125, 11019.337890625, 11036.3994140625, 11036.552734375, 11025.8623046875, 11028.8603515625, 11035.1328125, 11029.6708984375, 11019.2763671875, 11023.83203125, 11011.884765625, 11041.3359375, 11025.466796875, 11025.1640625, 11031.212890625, 11031.017578125, 11030.1533203125, 11029.44921875, 11038.1279296875, 11033.984375, 11015.634765625, 11013.4912109375, 11030.1943359375, 11033.5419921875, 11028.7900390625, 11032.0419921875, 11025.373046875, 11026.169921875, 11021.2978515625, 11035.58203125, 11023.841796875, 11020.619140625, 11013.58984375, 11022.4560546875]
