num_layers >>> 5

hidden_dim >>> 128

heads >>> 8

instance_size >>> 100

problem >>> TSP

dataset_size >>> 25000

batch_size >>> 50

epochs >>> 400

num_datasets >>> 40

task >>> RL

lr >>> 0.0001

scale_weights >>> True

data_distribution >>> XASY

final_node_layer >>> False

nodeless >>> False

augmentation_factor >>> 8

matnet >>> False

device >>> cuda

timestamp >>> 20250422_155719_402472

criterion >>> None

asymmetric >>> True


Validation loss:[2709.9091796875, 2334.837890625, 2186.675537109375, 2211.55322265625, 2149.245361328125, 2109.76318359375, 2028.153564453125, 2030.5155029296875, 1989.55322265625, 1990.212646484375, 2015.529296875, 1971.5372314453125, 1982.3472900390625, 2016.590576171875, 1960.4007568359375, 1976.90283203125, 2201.04638671875, 1979.9566650390625, 1989.9493408203125, 1960.90771484375, 1971.5152587890625, 1996.0875244140625, 1966.265625, 1980.3289794921875, 1977.1363525390625, 2062.394775390625, 2058.3828125, 1950.2808837890625, 2021.903076171875, 1960.529541015625, 1957.5257568359375, 2052.028076171875, 1986.06201171875, 1985.3328857421875, 1996.7640380859375, 1932.445556640625, 1963.06494140625, 1941.7174072265625, 1951.1619873046875, 1980.5225830078125, 2021.7373046875, 1976.1192626953125, 1969.94384765625, 1984.4427490234375, 2046.8271484375, 1973.555419921875, 1961.1956787109375, 1961.8701171875, 1929.477294921875, 1924.020751953125, 1964.6915283203125, 1922.4024658203125, 1986.13232421875, 2012.458740234375, 2003.06005859375, 2018.002197265625, 1937.83984375, 1960.1422119140625, 1946.841064453125, 1909.699462890625, 1956.5333251953125, 1957.6258544921875, 1927.3741455078125, 1936.1961669921875, 1942.8428955078125, 1937.431640625, 1948.45849609375, 1995.8043212890625, 1943.3927001953125, 1941.724365234375, 1951.0667724609375, 1943.1529541015625, 1956.727783203125, 2033.2979736328125, 1964.8690185546875, 1948.7705078125, 1919.037841796875, 1977.2022705078125, 1928.1361083984375, 1989.3050537109375, 1964.68701171875, 1913.4034423828125, 1930.0780029296875, 1948.138671875, 1982.8321533203125, 1963.0198974609375, 1969.2689208984375, 1948.488525390625, 1930.821533203125, 1937.6292724609375, 1935.3348388671875, 1968.0732421875, 1954.120849609375, 1928.827392578125, 1963.6859130859375, 1958.86181640625, 1993.9320068359375, 1948.9267578125, 2106.318603515625, 1921.16650390625, 1901.0960693359375, 1986.1529541015625, 1933.3773193359375, 1919.498291015625, 1911.00439453125, 1947.9017333984375, 1925.3819580078125, 1986.510986328125, 1975.6888427734375, 1933.730712890625, 1918.8857421875, 2048.08251953125, 1910.94189453125, 1940.7318115234375, 1906.6929931640625, 2034.909423828125, 1964.8546142578125, 1965.930419921875, 2019.16015625, 1947.982177734375, 2038.8343505859375, 2015.3697509765625, 1969.046142578125, 2002.6666259765625, 1976.0537109375, 1907.443115234375, 1922.0767822265625, 1966.234619140625, 1976.347412109375, 1934.69970703125, 1915.563720703125, 1932.4007568359375, 1934.6505126953125, 1966.9935302734375, 1944.9078369140625, 1958.5341796875, 1988.434814453125, 1965.1102294921875, 1959.0244140625, 2142.71240234375, 1943.51611328125, 1936.9432373046875, 1947.1771240234375, 1898.204833984375, 1952.0364990234375, 1937.5987548828125, 1914.303466796875, 1950.6849365234375, 1949.1219482421875, 1966.9703369140625, 1978.537841796875, 1985.080322265625, 2133.700927734375, 1963.895263671875, 2030.461669921875, 1919.9879150390625, 1952.24072265625, 1915.9381103515625, 1948.9122314453125, 1930.79638671875, 1923.6884765625, 1925.5242919921875, 1949.6297607421875, 1940.4100341796875, 1969.226318359375, 1919.82373046875, 2056.83984375, 1972.399169921875, 2008.718505859375, 1909.691650390625, 1913.38330078125, 1950.2894287109375, 1925.164794921875, 1897.6558837890625, 1967.15478515625, 1972.3743896484375, 1912.6387939453125, 1924.3035888671875, 1947.374755859375, 1935.39111328125, 1912.4361572265625, 2085.457763671875, 1934.8350830078125, 1937.7274169921875, 1908.3212890625, 2032.98193359375, 1966.453125, 1926.5845947265625, 2059.946044921875, 1910.680908203125, 1920.9869384765625, 2067.857421875, 1939.841064453125, 1915.8509521484375, 2003.56005859375, 1956.8316650390625, 1950.3695068359375, 1922.3232421875, 1921.02587890625, 1936.182861328125, 1969.0145263671875, 1909.2606201171875, 1943.0196533203125, 1920.9609375, 1912.20947265625, 1945.564208984375, 1907.131103515625, 1953.4036865234375, 1932.2476806640625, 1926.818115234375, 1931.43359375, 1932.5045166015625, 1933.915771484375, 1969.7708740234375, 1930.056884765625, 1904.4017333984375, 1926.6993408203125, 1936.9638671875, 1911.893798828125, 1888.8900146484375, 1928.848876953125, 1920.5838623046875, 1904.420166015625, 1995.7965087890625, 1983.052490234375, 1909.0101318359375, 2025.3607177734375, 1902.3082275390625, 1907.3394775390625, 1914.140869140625, 1910.92431640625, 1893.9132080078125, 1885.00390625, 1920.2347412109375, 1895.651611328125, 1904.84912109375, 1912.46630859375, 1912.555908203125, 1953.392333984375, 1915.328857421875, 2015.1109619140625, 1985.2066650390625, 1926.127197265625, 1925.373046875, 1891.2972412109375, 1994.597900390625, 1926.552490234375, 1954.270263671875, 1916.2576904296875, 1925.2698974609375, 1900.929931640625, 1905.201416015625, 1918.1629638671875, 1909.5330810546875, 1923.426025390625, 1869.1807861328125, 1988.36474609375, 1991.290283203125, 1904.02490234375, 1960.7469482421875, 1940.01220703125, 1873.93017578125, 1952.970703125, 1896.59912109375, 1926.1644287109375, 1882.847900390625, 1888.35693359375, 1900.7890625, 1913.0087890625, 1876.71337890625, 1980.1026611328125, 1878.7080078125, 1885.806396484375, 1905.9776611328125, 1887.0592041015625, 2025.5667724609375, 1868.4832763671875, 1921.66796875, 1882.107421875, 1909.9102783203125, 1904.1502685546875, 1890.1007080078125, 1874.1695556640625, 1874.3995361328125, 1947.02392578125, 1946.699462890625, 2086.015869140625, 1880.1700439453125, 1905.43603515625, 1890.612548828125, 1995.5101318359375, 1908.8251953125, 1906.564697265625, 1880.697021484375, 1878.4688720703125, 1919.621826171875, 1921.03662109375, 1890.46337890625, 1947.0732421875, 1889.87744140625, 1890.1546630859375, 1900.9769287109375, 1886.2884521484375, 1929.2109375, 1898.254638671875, 1957.3555908203125, 2025.673095703125, 1888.4189453125, 1873.549072265625, 1900.8192138671875, 2002.8465576171875, 1922.99609375, 1919.44873046875, 1908.319580078125, 1904.7427978515625, 1900.6163330078125, 1890.067138671875, 1945.328857421875, 1894.2381591796875, 1901.730712890625, 1901.467529296875, 1950.56884765625, 1881.5975341796875, 1873.4617919921875, 1913.641357421875, 1937.12646484375, 1895.9910888671875, 1909.7056884765625, 1907.4747314453125, 1927.1131591796875, 1913.2916259765625, 1956.0167236328125, 1929.70556640625, 1876.7801513671875, 2006.2939453125, 1911.6009521484375, 1936.463134765625, 1952.871337890625, 1929.0892333984375, 1953.4354248046875, 1892.9801025390625, 1894.3095703125, 1885.950439453125, 1877.84228515625, 1933.047119140625, 1896.6541748046875, 1956.2181396484375, 1874.9937744140625, 1878.5140380859375, 1918.696044921875, 1888.2884521484375, 1918.0447998046875, 1911.4794921875, 1897.482177734375, 2037.6419677734375, 1895.10693359375, 1887.7379150390625, 1909.129150390625, 1897.19580078125, 1947.8720703125, 1909.9327392578125, 1909.1192626953125, 1988.544921875, 1890.790771484375, 1896.1163330078125, 1993.366455078125, 1875.8421630859375, 1967.3736572265625, 1911.3836669921875, 1882.3934326171875, 1902.5614013671875, 1864.32275390625, 1875.679443359375, 1918.342041015625, 1898.282470703125, 1891.5081787109375, 1876.66552734375, 1892.28125, 1868.702880859375, 1950.5625, 1896.3819580078125, 1900.3082275390625, 1862.0843505859375, 1938.047119140625, 1948.4630126953125, 1885.69970703125, 1863.734375, 1886.381591796875, 1855.5081787109375, 1892.233154296875, 1850.106201171875, 1927.134765625, 1879.578857421875, 1895.725830078125, 1912.6275634765625, 1883.1925048828125, 1950.8851318359375, 1916.9508056640625, 1861.30859375, 1891.798095703125]
