num_layers >>> 5

hidden_dim >>> 128

heads >>> 8

instance_size >>> 100

problem >>> TSP

dataset_size >>> 25000

batch_size >>> 50

epochs >>> 400

num_datasets >>> 40

task >>> RL

lr >>> 0.0001

scale_weights >>> True

data_distribution >>> EUC

final_node_layer >>> False

nodeless >>> True

augmentation_factor >>> 8

matnet >>> False

device >>> cuda

timestamp >>> 20250417_211812_2961156

criterion >>> None

asymmetric >>> False


Validation loss:[8291.0302734375, 8234.556640625, 8184.01025390625, 8165.69970703125, 8143.5087890625, 8142.08544921875, 8127.84912109375, 8111.19970703125, 8078.37158203125, 8075.52587890625, 8077.0517578125, 8054.57568359375, 8076.68017578125, 8062.72802734375, 8034.6826171875, 8025.44091796875, 8032.4990234375, 8025.9384765625, 8017.64111328125, 8024.7490234375, 8025.3408203125, 8014.9111328125, 8015.6689453125, 8017.39599609375, 8010.3828125, 8002.78857421875, 7984.41748046875, 7977.27978515625, 7988.1328125, 7969.109375, 7971.28271484375, 7962.49609375, 7981.6083984375, 7964.005859375, 7956.396484375, 7954.384765625, 7941.8466796875, 7951.76611328125, 7939.73876953125, 7937.01953125, 7936.99560546875, 7940.58642578125, 7939.20947265625, 7926.408203125, 7924.91162109375, 7921.31005859375, 7920.00390625, 7920.3359375, 7921.8603515625, 7925.70947265625, 7912.7607421875, 7910.77001953125, 7915.2685546875, 7909.8046875, 7908.14111328125, 7911.591796875, 7906.69921875, 7904.142578125, 7901.67822265625, 7898.96484375, 7907.72314453125, 7904.9072265625, 7897.525390625, 7900.7939453125, 7899.361328125, 7894.77001953125, 7891.943359375, 7889.46728515625, 7896.939453125, 7890.84423828125, 7891.1123046875, 7899.6083984375, 7896.2568359375, 7896.15869140625, 7887.3017578125, 7893.3818359375, 7899.6484375, 7895.98046875, 7891.89794921875, 7891.4326171875, 7893.89892578125, 7886.6435546875, 7893.97705078125, 7884.36376953125, 7881.673828125, 7886.8203125, 7883.5693359375, 7887.78515625, 7883.0439453125, 7883.4423828125, 7880.72119140625, 7881.916015625, 7877.869140625, 7882.60302734375, 7879.98193359375, 7880.66162109375, 7878.32177734375, 7878.4130859375, 7880.384765625, 7874.35107421875, 7875.87158203125, 7870.94873046875, 7873.84033203125, 7873.37939453125, 7882.1640625, 7872.05029296875, 7873.01611328125, 7877.55224609375, 7878.77197265625, 7876.8974609375, 7871.03857421875, 7870.6064453125, 7871.857421875, 7873.62841796875, 7880.4794921875, 7873.9775390625, 7869.52001953125, 7877.060546875, 7872.21533203125, 7869.6083984375, 7863.8203125, 7865.13037109375, 7863.82080078125, 7868.64208984375, 7867.77978515625, 7870.5830078125, 7864.90380859375, 7860.716796875, 7863.3603515625, 7869.76708984375, 7863.47412109375, 7861.984375, 7861.8994140625, 7859.58544921875, 7862.32275390625, 7859.21044921875, 7857.3427734375, 7860.515625, 7860.576171875, 7860.45556640625, 7862.96044921875, 7859.73779296875, 7859.6904296875, 7859.513671875, 7856.654296875, 7855.0869140625, 7855.13720703125, 7858.494140625, 7860.01904296875, 7858.05224609375, 7858.97119140625, 7852.3046875, 7855.6005859375, 7850.814453125, 7865.21826171875, 7852.49462890625, 7855.65576171875, 7853.25390625, 7856.91455078125, 7858.88232421875, 7857.65673828125, 7864.18994140625, 7852.20751953125, 7851.068359375, 7852.02294921875, 7851.89208984375, 7853.0234375, 7849.28955078125, 7852.23876953125, 7850.974609375, 7851.65576171875, 7849.2724609375, 7853.08251953125, 7851.64208984375, 7846.81201171875, 7854.1630859375, 7849.02197265625, 7850.15966796875, 7846.099609375, 7852.8037109375, 7854.55908203125, 7846.9599609375, 7846.36279296875, 7851.02294921875, 7848.1669921875, 7848.41015625, 7850.90380859375, 7844.9560546875, 7847.83837890625, 7849.62646484375, 7849.03515625, 7849.953125, 7844.45166015625, 7847.02392578125, 7849.046875, 7848.51513671875, 7841.17431640625, 7847.556640625, 7846.47900390625, 7846.0244140625, 7845.15966796875, 7842.3994140625, 7850.76708984375, 7846.84375, 7854.0087890625, 7840.51806640625, 7843.9111328125, 7840.86376953125, 7842.4326171875, 7845.20751953125, 7841.8310546875, 7842.85205078125, 7844.517578125, 7840.88427734375, 7841.28515625, 7840.13916015625, 7846.361328125, 7841.03564453125, 7840.1982421875, 7839.8505859375, 7839.85888671875, 7845.0458984375, 7840.185546875, 7838.75732421875, 7845.029296875, 7841.63037109375, 7843.44140625, 7842.70751953125, 7839.84375, 7838.69921875, 7842.3017578125, 7839.37255859375, 7837.14794921875, 7836.009765625, 7838.7998046875, 7840.01904296875, 7838.837890625, 7840.466796875, 7840.6083984375, 7839.34814453125, 7837.94873046875, 7837.423828125, 7836.24609375, 7835.4560546875, 7836.80126953125, 7835.5615234375, 7837.3193359375, 7835.2275390625, 7837.611328125, 7837.8671875, 7841.90966796875, 7837.080078125, 7834.0390625, 7836.38427734375, 7838.0654296875, 7836.42724609375, 7833.9091796875, 7834.90771484375, 7840.71240234375, 7837.375, 7835.99462890625, 7836.3046875, 7834.7412109375, 7836.8759765625, 7837.7412109375, 7836.2099609375, 7832.935546875, 7836.66357421875, 7838.3837890625, 7833.25390625, 7834.7001953125, 7836.96875, 7838.07177734375, 7832.0400390625, 7838.76904296875, 7833.75, 7831.3896484375, 7838.99609375, 7833.44775390625, 7837.1748046875, 7837.15576171875, 7830.31591796875, 7831.77880859375, 7836.17236328125, 7836.828125, 7830.94677734375, 7833.826171875, 7831.28955078125, 7834.767578125, 7831.9189453125, 7831.697265625, 7831.58935546875, 7831.3056640625, 7829.01416015625, 7830.1416015625, 7832.19775390625, 7830.33642578125, 7829.15673828125, 7833.9169921875, 7829.7763671875, 7830.564453125, 7832.0439453125, 7831.34716796875, 7831.3251953125, 7831.302734375, 7833.29443359375, 7830.1533203125, 7829.7529296875, 7829.7099609375, 7828.57470703125, 7828.07080078125, 7829.125, 7827.99609375, 7828.484375, 7828.7568359375, 7832.5224609375, 7829.7109375, 7828.45068359375, 7828.96484375, 7826.65869140625, 7826.98828125, 7828.744140625, 7830.015625, 7828.17626953125, 7832.66748046875, 7827.9609375, 7826.78857421875, 7826.60302734375, 7825.14013671875, 7826.56201171875, 7828.26806640625, 7830.31640625, 7829.9501953125, 7828.7626953125, 7831.7138671875, 7825.65576171875, 7826.6591796875, 7827.73974609375, 7831.68310546875, 7833.1572265625, 7827.22802734375, 7828.05078125, 7832.041015625, 7827.84423828125, 7827.5537109375, 7831.81103515625, 7827.267578125, 7831.533203125, 7828.2412109375, 7828.8896484375, 7827.0986328125, 7828.2900390625, 7825.77587890625, 7833.236328125, 7828.21484375, 7829.22119140625, 7827.72998046875, 7827.42529296875, 7829.17529296875, 7826.96923828125, 7827.349609375, 7827.87158203125, 7828.8486328125, 7826.884765625, 7823.41650390625, 7827.10595703125, 7827.6005859375, 7826.78369140625, 7823.6904296875, 7826.986328125, 7825.541015625, 7823.52685546875, 7827.59619140625, 7826.876953125, 7824.6865234375, 7830.029296875, 7827.4716796875, 7826.53564453125, 7827.8076171875, 7826.79931640625, 7824.4248046875, 7827.8505859375, 7836.623046875, 7832.24609375, 7825.8662109375, 7826.2939453125, 7825.484375, 7823.9306640625, 7822.4384765625, 7824.2333984375, 7824.66943359375, 7822.443359375, 7825.5107421875, 7825.78466796875, 7827.32275390625, 7827.18896484375, 7823.19189453125, 7825.87158203125, 7823.32275390625, 7825.896484375]
