num_layers >>> 5

hidden_dim >>> 128

heads >>> 8

instance_size >>> 100

problem >>> TSP

dataset_size >>> 25000

batch_size >>> 50

epochs >>> 400

num_datasets >>> 40

task >>> RL

lr >>> 0.0001

scale_weights >>> True

data_distribution >>> MIX

final_node_layer >>> False

nodeless >>> True

augmentation_factor >>> 8

matnet >>> False

device >>> cuda

timestamp >>> 20250427_194005_28685

criterion >>> None

asymmetric >>> True


Validation loss:[7679.21484375, 7457.06884765625, 7470.0791015625, 7356.783203125, 7346.62060546875, 7318.23681640625, 7341.58984375, 7320.6298828125, 7310.90869140625, 7286.484375, 7277.9716796875, 7296.81884765625, 7269.95556640625, 7276.470703125, 7317.23779296875, 7269.7099609375, 7232.06640625, 7275.0859375, 7389.01806640625, 7414.65185546875, 7342.24951171875, 7250.67919921875, 7264.5224609375, 7292.8662109375, 7223.8232421875, 7277.77734375, 7269.5556640625, 7314.4326171875, 7269.90087890625, 7276.044921875, 7299.046875, 7297.11328125, 7272.6416015625, 7244.11376953125, 7266.458984375, 7310.701171875, 7283.96728515625, 7243.193359375, 7324.31689453125, 7260.6689453125, 7252.0947265625, 7224.41015625, 7251.47021484375, 7287.9677734375, 7270.060546875, 7208.7255859375, 7227.49658203125, 7245.8544921875, 7281.91796875, 7217.7431640625, 7343.96142578125, 7245.13330078125, 7347.02880859375, 7291.75, 7270.54541015625, 7314.94580078125, 7349.93408203125, 7262.904296875, 7264.109375, 7239.306640625, 7283.28759765625, 7290.86669921875, 7291.6875, 7246.37548828125, 7254.6826171875, 7265.9853515625, 7233.2998046875, 7249.41015625, 7410.578125, 7362.2265625, 7293.521484375, 7251.04345703125, 7234.50341796875, 7377.3603515625, 7305.779296875, 7388.74267578125, 7467.52587890625, 7446.4755859375, 7411.83837890625, 7367.27294921875, 7404.62353515625, 7413.767578125, 7434.12744140625, 7368.1611328125, 7361.45556640625, 7323.8427734375, 7284.7265625, 7259.4091796875, 7256.58447265625, 7248.00146484375, 7264.79248046875, 7361.669921875, 7311.17626953125, 7288.83984375, 7285.845703125, 7250.2802734375, 7322.51904296875, 7320.4306640625, 7307.8291015625, 7350.3701171875, 7325.11669921875, 7337.0712890625, 7286.96875, 7252.98193359375, 7238.59033203125, 7270.69287109375, 7250.583984375, 7258.70068359375, 7261.82177734375, 7231.5205078125, 7341.5546875, 7383.3994140625, 7239.744140625, 7303.62353515625, 7243.79833984375, 7354.91064453125, 7387.50830078125, 7327.11962890625, 7321.81298828125, 7329.17138671875, 7363.59326171875, 7278.736328125, 7250.71240234375, 7259.8046875, 7222.7353515625, 7217.21435546875, 7270.59033203125, 7246.1328125, 7233.42626953125, 7488.765625, 7290.15625, 7279.806640625, 7326.7041015625, 7334.2431640625, 7275.498046875, 7460.3359375, 7382.37060546875, 7333.416015625, 7293.67138671875, 7252.271484375, 7332.75390625, 7308.58349609375, 7362.45458984375, 7476.501953125, 7420.431640625, 7428.89599609375, 7459.462890625, 7411.52490234375, 7359.4013671875, 7325.06103515625, 7314.353515625, 7329.13037109375, 7327.57470703125, 7381.1875, 7520.26318359375, 7343.13916015625, 7442.23779296875, 7441.67431640625, 7402.060546875, 7333.36572265625, 7421.166015625, 7299.765625, 7346.89599609375, 7317.52001953125, 7371.31982421875, 7270.83154296875, 7355.24560546875, 7330.03564453125, 7253.25439453125, 7224.3759765625, 7243.45068359375, 7239.36083984375, 7254.35498046875, 7242.263671875, 7195.60205078125, 7200.728515625, 7272.83251953125, 7257.06298828125, 7305.55908203125, 7314.43603515625, 7233.6669921875, 7251.07958984375, 7240.68701171875, 7237.4736328125, 7284.05419921875, 7213.43701171875, 7251.1552734375, 7238.51513671875, 7251.3974609375, 7225.044921875, 7229.66845703125, 7249.16259765625, 7220.99951171875, 7228.078125, 7286.89990234375, 7247.97607421875, 7234.3955078125, 7242.10009765625, 7226.3994140625, 7239.9189453125, 7267.87890625, 7273.32568359375, 7262.42822265625, 7296.435546875, 7248.71923828125, 7256.6875, 7260.0869140625, 7222.07421875, 7256.51171875, 7342.00341796875, 7428.54345703125, 7341.876953125, 7319.8369140625, 7332.12109375, 7283.3291015625, 7269.03759765625, 7325.14697265625, 7298.64697265625, 7250.9091796875, 7283.4033203125, 7240.853515625, 7277.2314453125, 7263.11669921875, 7285.68212890625, 7363.86376953125, 7250.13037109375, 7238.78955078125, 7253.845703125, 7310.5595703125, 7236.15869140625, 7221.734375, 7239.2041015625, 7224.2841796875, 7317.865234375, 7298.029296875, 7280.2958984375, 7280.2060546875, 7246.8681640625, 7234.18896484375, 7248.3134765625, 7274.943359375, 7227.23291015625, 7274.8828125, 7282.4765625, 7246.90283203125, 7235.5107421875, 7245.06591796875, 7253.22705078125, 7235.244140625, 7288.94384765625, 7318.6025390625, 7247.08642578125, 7304.66845703125, 7234.083984375, 7220.685546875, 7302.447265625, 7273.59619140625, 7227.27587890625, 7220.20703125, 7215.001953125, 7198.0712890625, 7221.0947265625, 7225.73876953125, 7222.4296875, 7206.22509765625, 7308.671875, 7199.4658203125, 7209.458984375, 7227.8759765625, 7177.859375, 7193.34375, 7180.9296875, 7207.9853515625, 7149.11328125, 7195.146484375, 7154.04296875, 7188.34765625, 7182.2373046875, 7279.26611328125, 7218.5322265625, 7181.353515625, 7197.9013671875, 7205.17529296875, 7223.15283203125, 7193.4619140625, 7172.41748046875, 7160.1845703125, 7197.2236328125, 7254.21337890625, 7239.32470703125, 7279.802734375, 7176.42822265625, 7187.9365234375, 7159.43896484375, 7174.0576171875, 7215.5068359375, 7183.5322265625, 7217.92626953125, 7174.70263671875, 7205.4013671875, 7217.455078125, 7225.125, 7226.6484375, 7275.26171875, 7251.12109375, 7242.9990234375, 7238.56591796875, 7276.65087890625, 7339.13671875, 7386.84033203125, 7313.40283203125, 7328.5595703125, 7273.50048828125, 7256.2177734375, 7232.15576171875, 7235.43310546875, 7242.7138671875, 7239.36279296875, 7224.7958984375, 7237.62255859375, 7252.32275390625, 7209.53515625, 7233.9638671875, 7205.5283203125, 7229.046875, 7213.30029296875, 7189.94140625, 7237.05224609375, 7220.99755859375, 7188.43359375, 7205.96240234375, 7191.03173828125, 7206.5908203125, 7182.22705078125, 7170.02001953125, 7222.013671875, 7187.1279296875, 7200.08154296875, 7160.66552734375, 7173.4296875, 7177.29150390625, 7219.85498046875, 7284.27197265625, 7231.01025390625, 7207.939453125, 7221.93798828125, 7170.70068359375, 7171.3779296875, 7157.15673828125, 7211.60986328125, 7253.6669921875, 7169.78955078125, 7168.37939453125, 7165.8740234375, 7159.20947265625, 7149.11962890625, 7170.21337890625, 7151.7431640625, 7143.14892578125, 7148.0625, 7143.11865234375, 7172.56689453125, 7149.357421875, 7184.80810546875, 7206.35546875, 7159.89111328125, 7129.45703125, 7157.47705078125, 7142.7431640625, 7198.61865234375, 7177.271484375, 7185.56787109375, 7160.822265625, 7222.04345703125, 7170.65234375, 7163.21728515625, 7129.10302734375, 7157.39794921875, 7171.60400390625, 7154.84765625, 7118.482421875, 7148.2822265625, 7188.9462890625, 7162.044921875, 7154.1337890625, 7146.1435546875, 7168.59423828125, 7151.7978515625, 7221.826171875, 7175.97314453125, 7155.6826171875, 7163.83984375, 7198.787109375, 7145.775390625, 7129.1923828125, 7196.86865234375, 7121.462890625, 7128.33642578125, 7125.513671875, 7115.75244140625]
