num_layers >>> 5

hidden_dim >>> 128

heads >>> 8

instance_size >>> 100

problem >>> TSP

dataset_size >>> 25000

batch_size >>> 50

epochs >>> 400

num_datasets >>> 40

task >>> RL

lr >>> 0.0001

scale_weights >>> True

data_distribution >>> TMAT

final_node_layer >>> False

nodeless >>> False

augmentation_factor >>> 8

matnet >>> False

device >>> cuda

timestamp >>> 20250501_222748_357396

criterion >>> None

asymmetric >>> True


Validation loss:[13409.0888671875, 13361.361328125, 13352.6689453125, 13358.5625, 13354.4765625, 13355.87109375, 13330.9189453125, 12368.84765625, 11891.6728515625, 12061.77734375, 11650.3896484375, 11661.2900390625, 11583.0224609375, 11512.0849609375, 11526.03125, 11507.44140625, 11488.1298828125, 11480.955078125, 11475.8486328125, 11474.9951171875, 11438.2353515625, 11690.1611328125, 11552.4169921875, 11522.8017578125, 11416.9033203125, 12500.8798828125, 11502.76171875, 11506.24609375, 11694.193359375, 11518.1259765625, 11476.701171875, 11430.4248046875, 11480.673828125, 11461.17578125, 11427.74609375, 11471.0869140625, 11414.375, 11628.7939453125, 11386.4716796875, 11396.3671875, 11343.49609375, 11456.59375, 11362.181640625, 11291.4501953125, 11262.181640625, 11213.3037109375, 11178.3955078125, 11155.435546875, 11160.1806640625, 11147.2802734375, 11154.662109375, 11137.3544921875, 11102.0869140625, 11088.7099609375, 11062.3115234375, 11023.50390625, 11016.6181640625, 11011.123046875, 10977.7060546875, 10993.25390625, 10985.1630859375, 10958.95703125, 10975.22265625, 10953.578125, 10971.0654296875, 10941.3388671875, 10937.0947265625, 10935.2138671875, 10934.287109375, 10949.033203125, 10932.6083984375, 10946.3017578125, 10941.8525390625, 10919.8291015625, 10925.8173828125, 10923.697265625, 10930.7626953125, 10921.3408203125, 10916.759765625, 10926.7177734375, 10922.955078125, 10924.4169921875, 10936.7041015625, 10924.49609375, 10929.5263671875, 10914.9052734375, 10920.654296875, 10916.77734375, 10919.7041015625, 10919.22265625, 10910.640625, 10921.1181640625, 10924.3408203125, 10908.83984375, 10920.4462890625, 10910.259765625, 10910.46875, 10907.7998046875, 10921.78125, 10917.6982421875, 10910.92578125, 10910.9267578125, 10902.8056640625, 10910.73828125, 10904.7998046875, 10908.24609375, 10919.4267578125, 10893.005859375, 10894.50390625, 10894.2255859375, 10896.7763671875, 10907.4755859375, 10906.0361328125, 10913.9912109375, 10892.7470703125, 10900.9345703125, 10912.8974609375, 10897.802734375, 10900.5048828125, 10899.8154296875, 10894.322265625, 10890.1572265625, 10882.35546875, 10897.8837890625, 10891.4130859375, 10913.2080078125, 10891.30078125, 10906.95703125, 10893.4912109375, 10905.8701171875, 10885.5126953125, 10889.3203125, 10890.93359375, 10890.9482421875, 10893.5556640625, 10893.15234375, 10891.5087890625, 10897.24609375, 10883.6259765625, 10900.5400390625, 10890.8916015625, 10883.2431640625, 10888.5234375, 10892.3916015625, 10885.73828125, 10875.9609375, 10894.0888671875, 10878.6435546875, 10884.41796875, 10877.87890625, 10878.728515625, 10886.8271484375, 10883.990234375, 10882.134765625, 10873.4765625, 10870.109375, 10894.435546875, 10887.0224609375, 10882.7587890625, 10886.06640625, 10882.68359375, 10882.626953125, 10879.279296875, 10878.03125, 10874.0341796875, 10876.2353515625, 10880.248046875, 10871.2353515625, 10885.521484375, 10880.7490234375, 10882.75390625, 10876.23046875, 10871.92578125, 10876.330078125, 10880.162109375, 10863.408203125, 10878.53515625, 10869.2744140625, 10859.1142578125, 10876.1123046875, 10870.638671875, 10882.1982421875, 10868.08203125, 10863.4677734375, 10875.62890625, 10873.1640625, 10866.09765625, 10875.7490234375, 10873.25, 10866.2734375, 10868.771484375, 10892.96875, 10906.5400390625, 10870.009765625, 10868.1318359375, 10866.4951171875, 10868.62890625, 10869.6328125, 10872.1650390625, 10873.1767578125, 10869.4306640625, 10871.3017578125, 10867.310546875, 10863.5986328125, 10865.44140625, 10878.7509765625, 10868.6943359375, 10872.982421875, 10861.013671875, 10873.7734375, 10876.1015625, 10868.99609375, 10872.97265625, 10867.2216796875, 10860.796875, 10861.0078125, 10858.9736328125, 10865.9267578125, 10874.6767578125, 10860.3505859375, 10860.265625, 10859.7265625, 10865.294921875, 10864.048828125, 10866.326171875, 10865.0322265625, 10862.57421875, 10864.4736328125, 10860.904296875, 10864.044921875, 10861.1572265625, 10858.005859375, 10852.478515625, 10855.7529296875, 10860.1044921875, 10865.0302734375, 10856.541015625, 10858.2783203125, 10857.6103515625, 10871.005859375, 10858.4951171875, 10853.373046875, 10860.544921875, 10856.5283203125, 10854.12890625, 10862.322265625, 10866.6689453125, 10859.173828125, 10860.962890625, 10859.947265625, 10853.32421875, 10854.5859375, 10867.8154296875, 10850.619140625, 10851.1611328125, 10856.5625, 10852.201171875, 10846.29296875, 10853.5693359375, 10847.7333984375, 10851.5791015625, 10852.6083984375, 10858.4169921875, 10842.37890625, 10846.2470703125, 10852.2236328125, 10852.0458984375, 10848.1826171875, 10846.283203125, 10846.138671875, 10848.587890625, 10843.3056640625, 10851.4794921875, 10844.43359375, 10846.6728515625, 10848.9296875, 10854.75, 10853.208984375, 10843.97265625, 10840.541015625, 10843.521484375, 10853.1904296875, 10847.884765625, 10853.5439453125, 10842.8466796875, 10846.728515625, 10845.7265625, 10838.787109375, 10845.0576171875, 10839.80859375, 10849.34765625, 10840.0732421875, 10839.2265625, 10848.5166015625, 10847.5712890625, 10851.5439453125, 10843.0263671875, 10852.486328125, 10842.7158203125, 10846.08984375, 10852.7890625, 10853.5966796875, 10841.1796875, 10841.4033203125, 10848.2880859375, 10842.2109375, 10835.6982421875, 10842.88671875, 10843.8583984375, 10840.6728515625, 10836.0087890625, 10847.767578125, 10843.330078125, 10835.6376953125, 10845.232421875, 10847.453125, 10844.46875, 10843.7607421875, 10850.072265625, 10839.408203125, 10843.849609375, 10846.208984375, 10837.9501953125, 10837.1787109375, 10843.263671875, 10842.078125, 10839.400390625, 10838.966796875, 10837.927734375, 10841.666015625, 10850.943359375, 10846.375, 10843.291015625, 10838.6474609375, 10844.6923828125, 10844.4013671875, 10840.3232421875, 10832.8369140625, 10840.578125, 10840.8759765625, 10835.8515625, 10834.7734375, 10834.1455078125, 10845.4052734375, 10843.12890625, 10852.6669921875, 10846.6982421875, 10836.7119140625, 10829.375, 10843.7529296875, 10829.00390625, 10835.8251953125, 10833.6142578125, 10844.130859375, 10828.5009765625, 10836.564453125, 10830.4296875, 10840.2509765625, 10831.4951171875, 10832.7412109375, 10832.9150390625, 10835.69921875, 10841.5703125, 10838.1376953125, 10829.408203125, 10848.3798828125, 10832.380859375, 10836.1142578125, 10834.8740234375, 10836.103515625, 10838.6865234375, 10827.7294921875, 10839.9345703125, 10838.28515625, 10826.3720703125, 10829.4638671875, 10829.5615234375, 10827.5546875, 10843.83984375, 10828.8515625, 10838.01171875, 10836.4326171875, 10831.7939453125, 10838.162109375, 10830.365234375, 10832.140625, 10827.5146484375, 10837.47265625, 10835.552734375, 10834.501953125, 10833.2158203125, 10828.3623046875, 10834.4912109375, 10829.8994140625, 10827.6943359375, 10841.22265625, 10826.37890625, 10834.6025390625, 10835.5185546875, 10829.5341796875]
